    0.999028   -0.0440807  0.000773751    -0.792375
     0.04408     0.999028   0.00089283   -0.0318211
-0.000812354 -0.000857855     0.999999   -0.0124367
           0            0            0            1
    0.99898  -0.0450626  0.00300525    -1.05183
  0.0450523    0.998979  0.00341872  -0.0387005
-0.00315624 -0.00327983     0.99999  0.00117334
          0           0           0           1
    0.998978   -0.0451097    0.0029642     -1.06852
    0.045108     0.998982  0.000627908   -0.0672141
 -0.00298951 -0.000493557     0.999996   -0.0302422
           0            0            0            1
    0.998927   -0.0462805    0.0018072    -0.978895
   0.0462822     0.998928 -0.000897882   -0.0873625
 -0.00176371   0.00098056     0.999998    0.0291473
           0            0            0            1
    0.998953   -0.0457332 -0.000708308    -0.834026
    0.045734     0.998953   0.00119208     0.177175
 0.000653049  -0.00122323     0.999999   -0.0185129
           0            0            0            1
    0.998927   -0.0463165  0.000333377      -0.8125
   0.0463164     0.998927  0.000400491    0.0934003
-0.000351568 -0.000384621            1   0.00916851
           0            0            0            1
    0.99895   -0.045768  0.00197498    -1.09215
  0.0457613    0.998947  0.00329419  -0.0949065
-0.00212367 -0.00320035    0.999993   0.0122365
          0           0           0           1
   0.998983  -0.0450694  0.00104314   -0.898379
   0.045067    0.998982  0.00214507   -0.024577
-0.00113875 -0.00209588    0.999997  -0.0519985
          0           0           0           1
    0.998921   -0.0464454  0.000509066    -0.886082
   0.0464454     0.998921  7.91283e-05     0.018399
-0.000512191  -5.5399e-05            1    0.0344728
           0            0            0            1
   0.998951   -0.045776  -0.0011565   -0.936286
  0.0457763    0.998952 0.000283297 -0.00606987
 0.00114232 -0.00033594    0.999999  -0.0178841
          0           0           0           1
    0.998918   -0.0464881  -0.00116583    -0.914473
   0.0464881     0.998919 -1.88114e-05    -0.124268
  0.00116544 -3.54064e-05     0.999999   -0.0245637
           0            0            0            1
    0.998848   -0.0479702 -0.000247111    -0.983128
   0.0479703     0.998848  8.33372e-05    -0.043174
 0.000242829  -9.5095e-05            1   0.00128823
           0            0            0            1
    0.998913   -0.0465997 -0.000280005    -0.852369
   0.0465998     0.998914  0.000256563    0.0439955
 0.000267744 -0.000269332            1  -0.00214177
           0            0            0            1
     0.99888   -0.0473199 -7.28362e-05    -0.977262
     0.04732     0.998879    0.0013203     0.127859
 1.02783e-05  -0.00132227     0.999999   -0.0227826
           0            0            0            1
    0.998873    -0.047462  0.000759565    -0.931663
   0.0474618     0.998873  0.000186686    0.0128993
-0.000767569 -0.000150425            1    0.0290503
           0            0            0            1
    0.999014   -0.0443999  8.10361e-05     -1.12516
   0.0443994     0.999008   0.00335918    -0.096032
-0.000230103  -0.00335227     0.999995   -0.0256448
           0            0            0            1
    0.998969   -0.0453977  0.000126773    -0.921535
   0.0453977     0.998969 -0.000287327   -0.0387847
-0.000113599  0.000292786            1   0.00217619
           0            0            0            1
    0.998808   -0.0488036   0.00117802      -0.8804
    0.048803     0.998808  0.000515872   -0.0462324
 -0.00120179 -0.000457766     0.999999    0.0257296
           0            0            0            1
   0.998956    -0.04566  0.00161995    -1.01428
  0.0456542    0.998951  0.00344141   -0.155216
-0.00177539 -0.00336386    0.999993  -0.0219811
          0           0           0           1
    0.998943   -0.0459578  0.000891725    -0.948316
   0.0459578     0.998943  -2.3267e-05  -0.00951622
-0.000889714  6.42242e-05            1    0.0122728
           0            0            0            1
   0.998882  -0.0472581  0.00130018   -0.829337
  0.0472566    0.998882  0.00117996 -0.00425978
-0.00135449  -0.0011172    0.999999  -0.0150381
          0           0           0           1
   0.998947  -0.0457668  0.00331918   -0.957852
  0.0457574    0.998949  0.00283587   -0.141305
-0.00344548   -0.002681    0.999991  0.00585384
          0           0           0           1
    0.998967    -0.045436  0.000831252    -0.899903
   0.0454354     0.998967  0.000719025    0.0524069
-0.000863063 -0.000680514            1    0.0296913
           0            0            0            1
     0.99911   -0.0421776 -0.000278886     -1.01736
   0.0421783     0.999105   0.00317225    -0.158785
 0.000144838  -0.00318119     0.999995    0.0078743
           0            0            0            1
    0.999151   -0.0412041  0.000377139    -0.933456
   0.0412031     0.999148   0.00248097    0.0131005
-0.000479043  -0.00246333     0.999997    -0.010568
           0            0            0            1
    0.999271   -0.0381699   0.00120602     -0.93966
   0.0381696     0.999271  0.000226705    0.0431977
 -0.00121379 -0.000180506     0.999999   0.00389409
           0            0            0            1
    0.999383   -0.0351116 -0.000392049    -0.854674
   0.0351118     0.999383  0.000398316   -0.0350077
 0.000377822 -0.000411836            1   0.00639747
           0            0            0            1
    0.999415   -0.0341957  -0.00115674     -1.02306
   0.0341967     0.999415  0.000913017     0.196278
  0.00112484 -0.000952039     0.999999    0.0031116
           0            0            0            1
    0.999449   -0.0331952 -0.000311031    -0.924158
   0.0331953     0.999449  0.000201381    0.0760326
 0.000304175 -0.000211595            1  -0.00332774
           0            0            0            1
   0.999422   -0.033984  0.00111832   -0.967217
  0.0339862     0.99942  -0.0020512   -0.140252
-0.00104797  0.00208803    0.999997  -0.0136562
          0           0           0           1
    0.999483   -0.0321298      0.00121     -1.01411
   0.0321302     0.999484 -0.000355275   0.00865301
 -0.00119796  0.000393969     0.999999     0.015849
           0            0            0            1
    0.999543   -0.0302325  2.13832e-05    -0.840414
   0.0302325     0.999543   0.00088806     0.130354
-4.82217e-05 -0.000887008            1  0.000540121
           0            0            0            1
    0.999531   -0.0306153 -0.000615232    -0.933061
   0.0306156     0.999531  0.000475449     0.149467
 0.000600387 -0.000494062            1 -0.000598007
           0            0            0            1
    0.999509   -0.0313337 -0.000580953    -0.997388
   0.0313336     0.999509  -0.00026761    -0.108816
 0.000589053  0.000249275            1   0.00351429
           0            0            0            1
   0.999575  -0.0291618 -0.00042916   -0.940136
  0.0291619    0.999575 0.000178721   0.0198096
0.000423766 -0.00019116           1 0.000139584
          0           0           0           1
    0.999632   -0.0271388 -0.000125455     -1.03119
   0.0271389     0.999631   0.00127001     0.203663
 9.09428e-05  -0.00127294     0.999999   0.00482068
           0            0            0            1
    0.999684   -0.0251482  0.000189076     -1.03938
   0.0251473     0.999676   0.00383397     -0.16353
-0.000285432    -0.003828     0.999993   0.00653309
           0            0            0            1
     0.99976   -0.0218906  0.000535769     -1.08086
   0.0218884     0.999753   0.00389329   -0.0743973
-0.000620864  -0.00388064     0.999992    0.0215288
           0            0            0            1
   0.999794  -0.0202671 -0.00101168    -1.08156
  0.0202727    0.999777  0.00583695  -0.0750296
0.000893154 -0.00585626    0.999982  -0.0207865
          0           0           0           1
    0.99986  -0.0167178 -0.00103672    -1.04538
  0.0167225     0.99985  0.00460903   -0.112013
0.000959516 -0.00462572    0.999989    0.015507
          0           0           0           1
     0.99988   -0.0154905 -0.000375808     -1.14895
    0.015491     0.999879   0.00144542     0.140503
 0.000353372  -0.00145106     0.999999   0.00347423
           0            0            0            1
    0.999891   -0.0147452 -0.000564346     -1.18533
   0.0147458     0.999891   0.00102563      0.13067
 0.000549161  -0.00103384            1   0.00381719
           0            0            0            1
    0.999912   -0.0132752 -0.000882794     -1.14361
   0.0132756     0.999912    0.0004121  -0.00940598
 0.000877245 -0.000423783     0.999999   0.00591257
           0            0            0            1
    0.999927   -0.0121178 -0.000389483     -1.05882
   0.0121179     0.999927  0.000498798     0.012139
  0.00038341 -0.000503481            1   0.00197184
           0            0            0            1
    0.999931   -0.0115651   0.00182591     -1.05369
   0.0115657     0.999933 -0.000313984    -0.104972
 -0.00182215   0.00033508     0.999998    0.0170109
           0            0            0            1
   0.999939  -0.0108896  0.00200121    -1.07537
  0.0108875     0.99994  0.00108072   -0.104979
-0.00201286 -0.00105887    0.999997  0.00771314
          0           0           0           1
   0.999946  -0.0103344  0.00124327    -1.20051
  0.0103333    0.999946 0.000901316   0.0062649
-0.00125252 -0.00088842    0.999999  0.00638734
          0           0           0           1
    0.999971   -0.0075696  0.000614922    -0.882716
  0.00756959     0.999971  1.31968e-05    -0.033833
-0.000615004  -8.5416e-06            1    0.0166516
           0            0            0            1
    0.999987  -0.00521494 -0.000216451    -0.884113
  0.00521494     0.999987  1.11042e-05   0.00588887
  0.00021639 -1.22328e-05            1    0.0155607
           0            0            0            1
     0.99999  -0.00440254  9.40638e-05    -0.911785
  0.00440253      0.99999  0.000100182    0.0824746
-9.45038e-05 -9.97669e-05            1   0.00892316
           0            0            0            1
    0.999992  -0.00400121  0.000621448    -0.930833
  0.00400162     0.999992 -0.000663473    0.0115219
-0.000618788  0.000665955            1    0.0181244
           0            0            0            1
    0.999996  -0.00273573  4.31644e-05    -0.894195
  0.00273576     0.999996 -0.000699112   0.00972091
-4.12516e-05  0.000699228            1    0.0131281
           0            0            0            1
    0.999983   -0.0057369  -0.00082538     -1.06932
  0.00573697     0.999984  7.24798e-05   -0.0560575
 0.000824951 -7.72137e-05            1    0.0159231
           0            0            0            1
    0.999995  -0.00206936  -0.00227366     -1.53478
  0.00207135     0.999997  0.000871589   -0.0543883
  0.00227185 -0.000876294     0.999997   -0.0052311
           0            0            0            1
           1  -0.00079211 -0.000566467     -1.53688
 0.000792118            1  1.56695e-05    0.0394524
 0.000566454 -1.61182e-05            1   0.00790689
           0            0            0            1
    0.999997  -0.00243417 -0.000664038    -0.988512
  0.00243397     0.999997 -0.000295784    0.0622361
 0.000664756  0.000294167            1  -0.00175086
           0            0            0            1
           1 -0.000549746 -0.000228976    -0.932929
 0.000549805            1  0.000259583    0.0444205
 0.000228833 -0.000259708            1    0.0350914
           0            0            0            1
    0.999997  -0.00258353 -0.000436671    -0.256646
  0.00258374     0.999997  0.000474456    0.0471318
 0.000435444 -0.000475583            1  -0.00662542
           0            0            0            1
           1  -0.00053827 -5.55867e-05    -0.293525
 0.000538271            1  2.03001e-05   -0.0195251
 5.55758e-05   -2.033e-05            1    0.0341211
           0            0            0            1
    0.999998  -0.00213985 -0.000128685    -0.277316
  0.00213979     0.999998  -0.00052709  -0.00920761
 0.000129812  0.000526813            1   0.00125533
           0            0            0            1
           1 -4.49646e-05 -0.000429311     -0.99687
   4.505e-05            1  0.000198515   -0.0111907
 0.000429302 -0.000198534            1    0.0184769
           0            0            0            1
           1    0.0006978 -0.000444827     -1.55435
-0.000697908            1 -0.000244602    0.0080848
 0.000444657  0.000244912            1    0.0136309
           0            0            0            1
           1  0.000521372 -0.000577561    -0.951391
 -0.00052174            1 -0.000635946      0.04608
 0.000577229  0.000636246            1    0.0102935
           0            0            0            1
           1  0.000989227 -0.000411496    -0.266364
-0.000989546     0.999999 -0.000777848    0.0116655
 0.000410726  0.000778255            1    0.0213515
           0            0            0            1
           1  0.000642019 -9.14355e-05    -0.986373
-0.000642049            1 -0.000328294    0.0472513
 9.12248e-05  0.000328353            1    0.0168447
           0            0            0            1
           1  7.36685e-05 -3.66001e-06     -1.56654
-7.36722e-05            1  -0.00105424   -0.0036177
 3.58239e-06   0.00105424            1    0.0166533
           0            0            0            1
    0.999999 -0.000878056  -0.00152924     -1.65092
 0.000880042     0.999999   0.00129947   -0.0267206
   0.0015281  -0.00130081     0.999998   0.00431709
           0            0            0            1
    0.999998 -0.000403118  -0.00189755     -1.65177
 0.000404644            1  0.000804099  -0.00882915
  0.00189722 -0.000804865     0.999998   0.00563519
           0            0            0            1
           1   0.00109546 -0.000181197     -1.26486
 -0.00109555            1  -0.00052034    0.0197106
 0.000180627  0.000520538            1   0.00888067
           0            0            0            1
    0.999998    0.0021719 -8.35544e-05     -1.62522
 -0.00217194     0.999998 -0.000547293    0.0602334
 8.23656e-05  0.000547474            1  -0.00108327
           0            0            0            1
    0.999998   0.00208773 -0.000155388     -1.63019
 -0.00208795     0.999997  -0.00145597    0.0538822
 0.000152348    0.0014563     0.999999   0.00641484
           0            0            0            1
           1  -0.00040051  -0.00069844     -1.64504
 0.000399918            1 -0.000847318   0.00283789
 0.000698779  0.000847039            1  -0.00307546
           0            0            0            1
    0.999999  0.000875486 -0.000533756     -1.64018
-0.000875984     0.999999 -0.000935099    0.0190517
 0.000532937  0.000935566     0.999999    0.0107432
           0            0            0            1
           1  5.63663e-06 -0.000845675     -1.63073
-5.81949e-06            1 -0.000216219    0.0228775
 0.000845674  0.000216224            1  -0.00682531
           0            0            0            1
           1 -9.59696e-05 -0.000388809     -1.60942
 9.56535e-05            1 -0.000812592    0.0158368
 0.000388887  0.000812554            1    0.0034334
           0            0            0            1
    0.999999  -0.00157204  0.000277002     -1.12697
  0.00157235     0.999998  -0.00110901     0.012545
-0.000275258   0.00110945            1   0.00180629
           0            0            0            1
    0.999999  -0.00126634  0.000311798     -1.39905
  0.00126678     0.999999  -0.00139202  -0.00265129
-0.000310034   0.00139241     0.999999   0.00912559
           0            0            0            1
    0.999999  -0.00149048  0.000139688     -1.18586
   0.0014907     0.999998  -0.00158669   -0.0157336
-0.000137322    0.0015869     0.999999   0.00771106
           0            0            0            1
    0.999998  -0.00201505 -0.000180031     -1.65936
  0.00201491     0.999997 -0.000796508   -0.0085959
 0.000181635  0.000796143            1  -0.00152214
           0            0            0            1
    0.999999  -0.00117512 -0.000371715     -1.66175
  0.00117474     0.999999  -0.00100036  0.000633694
  0.00037289  0.000999921            1   0.00374454
           0            0            0            1
    0.999999  -0.00142141 -0.000905532     -1.70574
  0.00142141     0.999999 -7.07507e-06   0.00543241
  0.00090554  5.78776e-06            1  -0.00631587
           0            0            0            1
           1  -0.00107506 -0.000439848     -1.68566
  0.00107454     0.999999  -0.00118119  -0.00963384
 0.000441118   0.00118072     0.999999    0.0129217
           0            0            0            1
    0.999998  -0.00194374  -0.00130671      -1.0234
  0.00194314     0.999998 -0.000462905   -0.0378463
   0.0013076  0.000460364     0.999999   -0.0159979
           0            0            0            1
    0.999997  -0.00260216 -7.56749e-05     -1.00455
  0.00260209     0.999996 -0.000853403   -0.0361034
 7.78954e-05  0.000853203            1    0.0117365
           0            0            0            1
    0.999995  -0.00325709 -0.000516155     -1.08177
  0.00325682     0.999995 -0.000507208  -0.00918445
 0.000517804  0.000505524            1  -0.00188646
           0            0            0            1
    0.999995  -0.00314281 -0.000705272     -1.75324
  0.00314193     0.999994  -0.00123654  -0.00561482
 0.000709154   0.00123431     0.999999   0.00814898
           0            0            0            1
    0.999991  -0.00424949 -0.000938355     -1.76649
  0.00424865     0.999991 -0.000894342   -0.0229477
 0.000942147  0.000890347     0.999999   0.00771475
           0            0            0            1
   0.999996 -0.00276642 -0.00104486   -0.212576
 0.00276487    0.999995 -0.00148023  -0.0660198
 0.00104895  0.00147734    0.999998   -0.019481
          0           0           0           1
           1 -0.000357059 -0.000636216     -0.17476
 0.000356045     0.999999  -0.00159356   -0.0281732
 0.000636784   0.00159333     0.999999   -0.0379812
           0            0            0            1
    0.999996  -0.00271538 -0.000517144    -0.169622
  0.00271412     0.999993  -0.00242198   -0.0233031
 0.000523717   0.00242057     0.999997    -0.047638
           0            0            0            1
    0.999989  -0.00476582 -1.13186e-05     -1.76752
   0.0047658     0.999988  -0.00134025    -0.021023
 1.77058e-05   0.00134018     0.999999   0.00984629
           0            0            0            1
    0.999986  -0.00523932  -0.00103601     -1.76051
  0.00523841     0.999986 -0.000882085   -0.0178672
  0.00104062  0.000876646     0.999999  -0.00529564
           0            0            0            1
    0.999985  -0.00555677 -0.000556097     -1.85695
  0.00555581     0.999983  -0.00171182  0.000731459
   0.0005656   0.00170871     0.999999    0.0107473
           0            0            0            1
    0.999984  -0.00556691 -0.000760115      -1.8147
  0.00556647     0.999984   -0.0005775  -0.00953967
 0.000763318   0.00057326            1  -0.00277166
           0            0            0            1
    0.999986  -0.00529717 -0.000447088     -1.80998
  0.00529704     0.999986 -0.000300945   0.00659146
 0.000448676  0.000298573            1   0.00983886
           0            0            0            1
    0.999948   -0.0101856 -0.000482997     -1.07273
   0.0101852     0.999948 -0.000811671  0.000252535
 0.000491239   0.00080671            1   -0.0184704
           0            0            0            1
    0.999982  -0.00599993  0.000640701     -1.93163
  0.00600055     0.999982 -0.000978739  -0.00150477
-0.000634817  0.000982565     0.999999    0.0122016
           0            0            0            1
    0.999965  -0.00831829  -0.00064338     -1.92774
  0.00831813     0.999965 -0.000266019    0.0114361
 0.000645571  0.000260659            1   -0.0125412
           0            0            0            1
    0.999978  -0.00670795  1.34405e-05     -1.81256
  0.00670795     0.999978 -0.000273279  -0.00653327
-1.16067e-05  0.000273363            1   0.00452239
           0            0            0            1
    0.999975  -0.00708237  3.50482e-05      -1.8647
  0.00708236     0.999975  0.000242493    0.0143672
 -3.6765e-05 -0.000242238            1   0.00672917
           0            0            0            1
   0.999957 -0.00926574  0.00015118    -1.93403
 0.00926596    0.999956  -0.0015296   0.0195053
  -0.000137  0.00153093    0.999999  0.00877501
          0           0           0           1
    0.999988  -0.00487159 -0.000977495     -2.24094
  0.00487241     0.999988  0.000836156    0.0113468
  0.00097341 -0.000840908     0.999999   0.00153293
           0            0            0            1
   0.999979 -0.00633554 -0.00128812    -1.96968
 0.00633828    0.999978  0.00213587   0.0160948
 0.00127456 -0.00214399    0.999997  0.00203289
          0           0           0           1
    0.999975  -0.00712097  0.000403375     -2.25368
  0.00712095     0.999975  6.26893e-05    0.0443437
-0.000403811 -5.98153e-05            1  -0.00272979
           0            0            0            1
    0.999975  -0.00713683 -0.000291331     -2.27525
  0.00713677     0.999975 -0.000229383    0.0779698
 0.000292961  0.000227298            1  -0.00353388
           0            0            0            1
    0.999827   -0.0186174  0.000805135     -3.17587
    0.018619     0.999824  -0.00214619     0.338078
-0.000765038   0.00216081     0.999997   -0.0225374
           0            0            0            1
   0.999864  -0.0164766 -0.00116553    -2.67391
  0.0164706    0.999852  -0.0049836  -0.0330747
 0.00124747  0.00496372    0.999987    0.016768
          0           0           0           1
    0.999796    0.0201682 -8.60194e-05     0.530867
  -0.0201659     0.999734    0.0111916    -0.343207
 0.000311711   -0.0111876     0.999937     -0.11012
           0            0            0            1
    0.999968  -0.00797743 -0.000301882     -2.19844
   0.0079776     0.999968  0.000600321   -0.0254819
 0.000297083  -0.00060271            1  -0.00020671
           0            0            0            1
    0.999954  -0.00959635  -0.00105271     -2.38458
  0.00959674     0.999954  0.000371118   -0.0834413
   0.0010491 -0.000381203            1   -0.0256465
           0            0            0            1
    0.999869   -0.0161617   0.00051464     -3.53192
   0.0161599     0.999864   0.00331209      -0.1616
-0.000568099  -0.00330334     0.999994   -0.0340197
           0            0            0            1
    0.99996 -0.00858132 -0.00253216     -1.0625
 0.00860488    0.999918  0.00944573   -0.533045
  0.0024509 -0.00946714    0.999952  -0.0611156
          0           0           0           1
   0.999976  0.00589142 -0.00352307  -0.0674191
-0.00587804    0.999975  0.00379713  -0.0838714
 0.00354536 -0.00377633    0.999987  -0.0917933
          0           0           0           1
    0.999963  -0.00853568 -0.000793685     -2.29632
  0.00853644     0.999963  0.000954356    -0.114251
  0.00078551 -0.000961095     0.999999   -0.0125283
           0            0            0            1
   0.999957 -0.00924288  -0.0012559    -2.27345
 0.00924551    0.999955  0.00210994  -0.0986556
 0.00123634 -0.00212146    0.999997  -0.0345118
          0           0           0           1
    0.999954  -0.00966814 -0.000167172     -2.16041
  0.00966823     0.999953  0.000551103   -0.0769394
 0.000161835 -0.000552694            1  -0.00629184
           0            0            0            1
    0.999987  -0.00502537  0.000824646     -2.34511
  0.00502474     0.999987  0.000771364   -0.0591159
-0.000828512 -0.000767211     0.999999   -0.0146527
           0            0            0            1
     0.99997  -0.00780605 -5.61905e-05     -2.19424
   0.0078061     0.999969  0.000933487   -0.0535163
 4.89018e-05 -0.000933898            1  -0.00440062
           0            0            0            1
    0.999987  -0.00503153  0.000185178     -2.25793
  0.00503161     0.999987  -0.00042935   -0.0337804
-0.000183016  0.000430277            1   -0.0106713
           0            0            0            1
    0.999983  -0.00584202 -0.000512467      -2.3169
  0.00584207     0.999983  8.79263e-05   -0.0570577
 0.000511945 -9.09183e-05            1   0.00514198
           0            0            0            1
    0.999975  -0.00711928 -0.000297485     -2.10738
  0.00711924     0.999975 -0.000120906   -0.0220629
 0.000298339  0.000118785            1  -0.00731927
           0            0            0            1
     0.99999  -0.00453141 -0.000333876     -2.27661
  0.00453161      0.99999  0.000620451   -0.0216298
 0.000331061 -0.000621957            1  -0.00528604
           0            0            0            1
    0.999987  -0.00509704 -0.000234081     -2.25798
  0.00509735     0.999987   0.00134406   -0.0273066
 0.000227227  -0.00134523     0.999999   0.00131409
           0            0            0            1
    0.999995  -0.00314212 -0.000780573     -1.98072
  0.00314254     0.999995   0.00053452   -0.0145231
 0.000778889  -0.00053697            1  0.000177268
           0            0            0            1
    0.999986  -0.00529855 -0.000453875     -1.99344
  0.00529787     0.999985  -0.00148693   -0.0237838
 0.000461747   0.00148451     0.999999  -0.00697992
           0            0            0            1
    0.999974  -0.00724729 -9.94453e-05     -1.53056
  0.00724707     0.999972  -0.00205249   -0.0150777
 0.000114317   0.00205171     0.999998   0.00197717
           0            0            0            1
   0.999982 -0.00583252 -0.00124466   -0.114735
 0.00583084    0.999982 -0.00135014  -0.0432342
 0.00125252  0.00134286    0.999998  -0.0297814
          0           0           0           1
   0.999982 -0.00565172 -0.00181002   -0.172101
 0.00564862    0.999983 -0.00170973  -0.0145907
 0.00181965  0.00169948    0.999997  -0.0506365
          0           0           0           1
   0.999988 -0.00455183  -0.0017153    -0.18564
 0.00454957    0.999989 -0.00132009  -0.0302842
 0.00172129  0.00131227    0.999998  -0.0352611
          0           0           0           1
   0.999989 -0.00361409 -0.00309713   -0.174303
 0.00360619     0.99999 -0.00255523  -0.0159184
 0.00310633  0.00254403    0.999992  -0.0573147
          0           0           0           1
    0.999994  -0.00348543 -0.000654081     -1.75241
  0.00348546     0.999994  4.32324e-05  -0.00284115
 0.000653926 -4.55118e-05            1   -0.0134121
           0            0            0            1
    0.999991   -0.0042896  -0.00101722     -2.11241
  0.00428857     0.999991  -0.00101538  -0.00818961
  0.00102157     0.001011     0.999999 -0.000747167
           0            0            0            1
    0.99999 -0.00420664 -0.00111114    -1.89066
  0.0042051     0.99999  -0.0013829 -0.00953474
 0.00111695  0.00137822    0.999998 -0.00670372
          0           0           0           1
   0.999992 -0.00399775 -0.00080761    -1.78039
 0.00399745    0.999992 -0.00037383  0.00508418
0.000809099 0.000370599           1  -0.0110741
          0           0           0           1
    0.99999 -0.00342317 -0.00304761    -0.27088
 0.00341592    0.999991 -0.00238087   0.0134818
 0.00305573  0.00237044    0.999993   -0.045565
          0           0           0           1
   0.999988 -0.00395987 -0.00285497   -0.219799
 0.00395565    0.999991 -0.00148451  -0.0292876
 0.00286082   0.0014732    0.999995  -0.0470085
          0           0           0           1
   0.999984 -0.00543049 -0.00175646    -1.13503
 0.00542839    0.999985 -0.00119995 -0.00222042
 0.00176295   0.0011904    0.999998  -0.0299889
          0           0           0           1
     0.99999  -0.00328714  -0.00301914     -1.00505
  0.00328523     0.999995 -0.000637292  -0.00851928
  0.00302122  0.000627368     0.999995   -0.0420196
           0            0            0            1
    0.999982  -0.00563276  -0.00200551     -2.00859
  0.00563284     0.999984  3.55607e-05   -0.0301391
  0.00200528 -4.68562e-05     0.999998   -0.0182834
           0            0            0            1
    0.999996   -0.0026821 -0.000597289     -2.09611
   0.0026823     0.999996  0.000326574  -0.00110556
 0.000596411 -0.000328175            1  -0.00167465
           0            0            0            1
    0.999996  -0.00215925  -0.00211695     -1.06129
    0.002158     0.999998 -0.000594352 -0.000557661
  0.00211822  0.000589781     0.999998   -0.0253558
           0            0            0            1
    0.999996  -0.00275972 -0.000698764     -1.69869
  0.00275935     0.999996 -0.000533264   -0.0252091
 0.000700234  0.000531334            1   -0.0147911
           0            0            0            1
    0.999995  -0.00320993 -0.000261879     -1.18396
  0.00320934     0.999993  -0.00223463    0.0164129
  0.00026905   0.00223378     0.999998   0.00234339
           0            0            0            1
   0.999989 -0.00379016 -0.00294632   -0.239659
 0.00378686    0.999992 -0.00112366 -0.00525272
 0.00295055  0.00111249    0.999995  -0.0315757
          0           0           0           1
    0.999991  -0.00424831 -0.000637296     -1.39788
   0.0042472      0.99999  -0.00174069    -0.013249
 0.000644685   0.00173796     0.999999  -0.00590114
           0            0            0            1
    0.999998  -0.00212982  0.000577194     -2.20769
  0.00213044     0.999997  -0.00106452   -0.0248226
-0.000574924   0.00106574            1    0.0104321
           0            0            0            1
    0.999991  -0.00427299 -0.000558424     -2.20765
  0.00427323     0.999991  0.000420969  -0.00705898
 0.000556619 -0.000423352            1   -0.0065108
           0            0            0            1
    0.999993  -0.00361969 -0.000955179     -2.40446
  0.00362098     0.999993   0.00135867    0.0166117
 0.000950254  -0.00136212     0.999999   -0.0144737
           0            0            0            1
    0.999996  -0.00272969 -0.000884566     -2.38516
  0.00272923     0.999996 -0.000523496   -0.0166461
 0.000885991  0.000521079     0.999999  -0.00557134
           0            0            0            1
    0.999994  -0.00354789 -0.000523773     -2.36993
  0.00354752     0.999994 -0.000702228   -0.0340938
 0.000526262  0.000700364            1  0.000806918
           0            0            0            1
    0.999996  -0.00269444 -0.000512385      -2.3687
  0.00269356     0.999995   -0.0017204   -0.0424878
 0.000517019   0.00171902     0.999999   -0.0166443
           0            0            0            1
    0.999997  -0.00250469 -0.000168052     -2.38623
  0.00250448     0.999996  -0.00125798   -0.0186114
 0.000171203   0.00125756     0.999999   0.00436229
           0            0            0            1
    0.999994  -0.00344339 -0.000608747     -2.36463
  0.00344286     0.999994 -0.000869133   -0.0398561
 0.000611737  0.000867032     0.999999  0.000755071
           0            0            0            1
    0.999997  -0.00244397 -0.000462248     -2.38045
  0.00244364     0.999997 -0.000717426   -0.0220642
    0.000464  0.000716295            1  -0.00905407
           0            0            0            1
    0.999994   -0.0032809 -0.000548452     -2.38289
  0.00328037     0.999994 -0.000966155   -0.0314552
 0.000551619  0.000964351            1  -0.00612191
           0            0            0            1
    0.999993  -0.00372408 -0.000241316     -2.38502
  0.00372377     0.999992  -0.00130349   -0.0141287
 0.000246169   0.00130258     0.999999  -0.00895673
           0            0            0            1
    0.999995  -0.00307714 -0.000370123     -2.36646
  0.00307692     0.999995 -0.000589361    -0.029957
 0.000371935   0.00058822            1  -0.00215362
           0            0            0            1
    0.999995  -0.00324755 -0.000206351     -2.39274
  0.00324742     0.999994 -0.000648306   -0.0343047
 0.000208455  0.000647633            1  -0.00837435
           0            0            0            1
    0.999994  -0.00351622 -0.000587395     -2.40067
  0.00351601     0.999994 -0.000366783   -0.0387469
 0.000588681  0.000364715            1   -0.0013845
           0            0            0            1
    0.999995  -0.00321401 -0.000182469      -2.3646
  0.00321397     0.999995 -0.000196639   -0.0455908
 0.000183101  0.000196052            1  0.000843707
           0            0            0            1
    0.999994  -0.00359779  0.000175341     -2.43387
  0.00359794     0.999993 -0.000845057   -0.0202899
  -0.0001723  0.000845683            1   -0.0051499
           0            0            0            1
    0.999994  -0.00334855  0.000102662     -2.39196
  0.00334854     0.999994  0.000148128   -0.0302506
-0.000103157 -0.000147783            1    0.0137033
           0            0            0            1
    0.999994  -0.00336613  0.000135531     -2.38304
   0.0033661     0.999994  0.000305283  -0.00633786
-0.000136558 -0.000304825            1   0.00724499
           0            0            0            1
    0.999992   -0.0040924   0.00019334     -2.41361
  0.00409228     0.999991  0.000613449   -0.0117785
-0.000195849 -0.000612653            1  -0.00908213
           0            0            0            1
    0.999995  -0.00310824  0.000768576     -2.41534
  0.00310731     0.999994   0.00121289    0.0232387
-0.000772342   -0.0012105     0.999999  0.000172038
           0            0            0            1
    0.999994  -0.00340194  0.000152153     -2.38902
  0.00340186     0.999994  0.000466141  -0.00498172
-0.000153738 -0.000465621            1   0.00290286
           0            0            0            1
    0.999993  -0.00361771  0.000878744     -2.45732
  0.00361682     0.999993   0.00101697    0.0231273
-0.000882417  -0.00101378     0.999999  -0.00310946
           0            0            0            1
    0.999997  -0.00245584  0.000522598      -2.4504
  0.00245569     0.999997  0.000278787     0.051532
-0.000523282 -0.000277503            1  -0.00492483
           0            0            0            1
    0.999994  -0.00360653   0.00015609     -2.44938
  0.00360657     0.999994 -0.000228565   0.00122249
-0.000155265  0.000229126            1   0.00420146
           0            0            0            1
    0.999996  -0.00268772  0.000251757     -2.43266
  0.00268791     0.999996 -0.000762331   -0.0160894
-0.000249707  0.000763005            1  -0.00318627
           0            0            0            1
    0.999992  -0.00392245  5.00075e-05     -2.46673
  0.00392248     0.999992 -0.000673511   -0.0276753
-4.73652e-05  0.000673702            1    0.0155879
           0            0            0            1
    0.999958  -0.00907979 -0.000934123      -2.6346
  0.00908415     0.999947   0.00476206  -0.00204011
 0.000890835  -0.00477034     0.999988   -0.0534455
           0            0            0            1
    0.999995  -0.00299307  0.000480394     -2.41955
  0.00299366     0.999995    -0.001239   -0.0297422
-0.000476683   0.00124043     0.999999    0.0207004
           0            0            0            1
    0.999997  -0.00263879  0.000441015     -2.48464
  0.00263913     0.999996 -0.000748552   -0.0219602
-0.000439038  0.000749713            1   0.00890583
           0            0            0            1
    0.999977  -0.00675163 -0.000952548     -2.18202
  0.00675231     0.999977  0.000707831    0.0151534
 0.000947747 -0.000714246     0.999999   -0.0151107
           0            0            0            1
    0.999998 -0.000666811  -0.00196155     -1.90827
 0.000667927            1  0.000568579    0.0120978
  0.00196118 -0.000569888     0.999998  -0.00419607
           0            0            0            1
    0.999997  -0.00220866  -0.00137124     -2.43986
  0.00220945     0.999997  0.000574105   -0.0048341
  0.00136997 -0.000577133     0.999999   -0.0127714
           0            0            0            1
    0.999997   -0.0026324 -0.000537237     -2.46521
  0.00263233     0.999997 -0.000125962   -0.0287371
 0.000537567  0.000124548            1  -0.00312417
           0            0            0            1
    0.999999   -0.0015025 -0.000301373      -2.4474
  0.00150241     0.999999 -0.000315742   -0.0123827
 0.000301848  0.000315289            1   0.00463861
           0            0            0            1
    0.999996  -0.00273215  -0.00104291     -2.45327
  0.00273237     0.999996  0.000206958    0.0207002
  0.00104234 -0.000209807            1  -0.00778542
           0            0            0            1
    0.999999   -0.0015643 -0.000356612     -2.43786
  0.00156435     0.999999  0.000131544   -0.0252072
 0.000356405 -0.000132102            1  -0.00457475
           0            0            0            1
    0.999998   -0.0020418  0.000358373     -2.47376
  0.00204193     0.999998 -0.000351976   -0.0155803
-0.000357654  0.000352707            1   0.00788909
           0            0            0            1
    0.999996   -0.0019832   0.00174004     -2.46979
   0.0019849     0.999998 -0.000974424   -0.0173139
  -0.0017381  0.000977875     0.999998  -0.00872537
           0            0            0            1
    0.999997  -0.00258788 -0.000116543     -2.47068
  0.00258777     0.999996 -0.000883844    -0.034407
 0.000118831  0.000883539            1   0.00435114
           0            0            0            1
     0.99999  -0.00450631 -0.000810744      -2.4891
  0.00450534     0.999989  -0.00120206   -0.0629197
 0.000816151    0.0011984     0.999999   0.00490054
           0            0            0            1
    0.999987  -0.00505112 -0.000876465     -2.47723
  0.00505002     0.999987  -0.00125199    -0.064423
 0.000882778   0.00124755     0.999999  -0.00357553
           0            0            0            1
    0.999991  -0.00406128 -0.000907166     -2.43054
  0.00406052     0.999992 -0.000834906   -0.0148867
  0.00091055  0.000831216            1  -0.00163692
           0            0            0            1
     0.99999  -0.00439837  -0.00141245     -2.29373
  0.00439974      0.99999  0.000965289    -0.011485
  0.00140819 -0.000971494     0.999998   -0.0052518
           0            0            0            1
    0.999998  -0.00218093 -0.000522167     -1.81616
  0.00218165     0.999997   0.00137275   0.00469746
 0.000519171  -0.00137388     0.999999   0.00988192
           0            0            0            1
   0.999998 -0.00197938 -0.00101627    -1.72842
 0.00198151    0.999996   0.0020982  -0.0122821
 0.00101211 -0.00210021    0.999998  0.00925339
          0           0           0           1
   0.999995 -0.00302542 -0.00128799    -1.73155
 0.00302784    0.999994  0.00188359  -0.0630656
 0.00128228 -0.00188748    0.999997  0.00499786
          0           0           0           1
