     0.99978    0.0209464 -0.000768714    -0.215166
  -0.0209455      0.99978   0.00108327    0.0393359
 0.000791236  -0.00106693     0.999999   0.00577538
           0            0            0            1
    0.999771    0.0213844 -0.000183956    -0.223348
  -0.0213843     0.999771  0.000349532    0.0425682
 0.000191388 -0.000345518            1    0.0047394
           0            0            0            1
    0.999794     0.020302 -0.000394914    -0.233397
  -0.0203017     0.999794  0.000720367    0.0307218
 0.000409457 -0.000712201            1   0.00764143
           0            0            0            1
    0.999708    0.0241597  0.000678827    -0.222658
  -0.0241609     0.999706   0.00186864    0.0221456
-0.000633482   -0.0018845     0.999998   0.00848262
           0            0            0            1
   0.999728   0.0232666  0.00155651    -0.23642
 -0.0232728    0.999721  0.00407263   0.0111694
-0.00146132 -0.00410775    0.999991  0.00944724
          0           0           0           1
    0.999787    0.0206266 -0.000555702    -0.186782
  -0.0206247     0.999782   0.00321355    -0.011655
 0.000621866  -0.00320141     0.999995   -0.0124704
           0            0            0            1
    0.999714     0.023859   -0.0011929    -0.302858
  -0.0238602     0.999715 -0.000999048   -0.0314839
  0.00116872   0.00102723     0.999999    0.0125567
           0            0            0            1
    0.999685     0.025072 -0.000653574    -0.348005
  -0.0250723     0.999686 -0.000401079   -0.0680202
 0.000643312  0.000417339            1   0.00155616
           0            0            0            1
    0.999794    0.0202812  0.000368352    -0.160572
  -0.0202814     0.999795  0.000575292   -0.0273014
-0.000356609 -0.000582645            1   0.00757496
           0            0            0            1
     0.99978    0.0209389   0.00126966    -0.224552
  -0.0209427     0.999776   0.00309064    0.0201533
 -0.00120466  -0.00311655     0.999994 -0.000717514
           0            0            0            1
   0.999818   0.0187896  0.00319704   -0.150637
 -0.0187994    0.999819   0.0030638  -0.0316903
-0.00313889 -0.00312335     0.99999   0.0133402
          0           0           0           1
   0.999811   0.0192651  0.00281353   -0.168301
 -0.0192705    0.999813  0.00191101  -0.0267513
-0.00277618 -0.00196486    0.999994   0.0150878
          0           0           0           1
   0.999908    0.013465   0.0018381  -0.0942828
 -0.0134672    0.999909  0.00116483 -0.00211729
-0.00182225 -0.00118947    0.999998  0.00760377
          0           0           0           1
    0.999906    0.0136866   0.00097904   -0.0994086
  -0.0136864     0.999906 -0.000166679   0.00311273
-0.000981229  0.000153263            1    0.0204483
           0            0            0            1
    0.999854     0.017097   0.00065676    -0.157872
   -0.017099     0.999849   0.00305689    0.0182523
-0.000604397  -0.00306767     0.999995    0.0153618
           0            0            0            1
    0.999822    0.0188401 -0.000934326    -0.275232
  -0.0188334       0.9998   0.00675305    -0.054833
  0.00106137  -0.00673425     0.999977   0.00139898
           0            0            0            1
    0.999733    0.0230898  0.000682466    -0.585188
  -0.0230956     0.999682    0.0101758    -0.046287
-0.000447292   -0.0101888     0.999948   0.00410527
           0            0            0            1
    0.999855    0.0170208 -0.000579987    -0.153282
  -0.0170189      0.99985   0.00324344  -0.00473351
 0.000635106   -0.0032331     0.999995    0.0178493
           0            0            0            1
      0.9997    0.0244654   0.00103649    -0.690742
  -0.0244694     0.999693   0.00394728    -0.113573
-0.000939597  -0.00397145     0.999992    0.0162658
           0            0            0            1
    0.999876    0.0157374 -0.000168267    -0.143839
  -0.0157373     0.999876  0.000485799    0.0656772
 0.000175891 -0.000483091            1    0.0222313
           0            0            0            1
   0.999939   0.0110253  0.00102096   -0.142176
 -0.0110268    0.999938  0.00143845 -0.00868295
-0.00100504 -0.00144962    0.999998 -0.00524244
          0           0           0           1
    0.999691    0.0245276   0.00401392    -0.632635
  -0.0245246     0.999699 -0.000775673  -0.00840317
 -0.00403173  0.000676995     0.999992   0.00587835
           0            0            0            1
   0.999699   0.0236957  0.00641639   -0.567491
 -0.0237129    0.999716  0.00261067 -0.00343155
 -0.0063527 -0.00276204    0.999976    0.024155
          0           0           0           1
   0.999903   0.0135293  0.00327955   -0.117288
 -0.0135483    0.999891   0.0058492 -0.00229875
-0.00320005 -0.00589307    0.999978  0.00473748
          0           0           0           1
   0.999841   0.0171816  0.00478146   -0.178286
 -0.0172383    0.999778    0.012086  -0.0898823
-0.00457275  -0.0121665    0.999916    0.051372
          0           0           0           1
   0.999928   0.0114979   0.0034835   -0.168421
 -0.0115094    0.999928  0.00329922  -0.0538435
-0.00344531 -0.00333907    0.999989   0.0178576
          0           0           0           1
   0.999604  -0.0263884  0.00982258   -0.293632
  0.0265912    0.999423  -0.0211221   -0.339576
-0.00925953   0.0213749    0.999729   0.0246051
          0           0           0           1
   0.999985 -0.00152837    0.005236   -0.128472
 0.00141797    0.999778   0.0210234  -0.0599723
-0.00526697  -0.0210156    0.999765   0.0892785
          0           0           0           1
  0.999912 -0.0131526 -0.0019755  -0.208663
 0.0130566   0.999009 -0.0425553  -0.442314
0.00253326  0.0425257   0.999092 -0.0194074
         0          0          0          1
    0.999997  -0.00220397 -0.000704895    -0.247076
  0.00219328     0.999888   -0.0148232    -0.101026
 0.000737486    0.0148217      0.99989    0.0107908
           0            0            0            1
    0.999989   0.00459526 -0.000972505    -0.234991
 -0.00459448     0.999989  0.000793992   -0.0674474
 0.000976143 -0.000789515     0.999999  0.000620169
           0            0            0            1
    0.99999   0.0043406 -0.00137955    -0.18159
-0.00433839    0.999989  0.00159895  -0.0639575
 0.00138647 -0.00159295    0.999998   -0.016669
          0           0           0           1
   0.999982  0.00558442 -0.00189765   -0.262099
-0.00558737    0.999983 -0.00154993  -0.0438851
 0.00188897  0.00156051    0.999997  0.00789344
          0           0           0           1
   0.999988  0.00476126 -0.00141589   -0.139212
-0.00476584    0.999983 -0.00325116   -0.107329
 0.00140039  0.00325787    0.999994  -0.0102249
          0           0           0           1
   0.999956  0.00851646  0.00387765   -0.738654
-0.00850809    0.999961 -0.00217023  -0.0252882
-0.00389598  0.00213714     0.99999   0.0138691
          0           0           0           1
   0.999977    0.006727 -0.00075982   -0.172266
-0.00672684    0.999977 0.000211356  -0.0401519
0.000761225 -0.00020624           1 -0.00847993
          0           0           0           1
    0.999984   0.00541505   -0.0013195    -0.160995
  -0.0054139     0.999985  0.000872802   -0.0788924
  0.00132421 -0.000865644     0.999999   -0.0063792
           0            0            0            1
    0.999983   0.00570988  -0.00110622    -0.216254
 -0.00570895     0.999983  0.000844413   -0.0571201
  0.00111103 -0.000838084     0.999999   0.00276447
           0            0            0            1
   0.999993  0.00370985 -0.00112465    -0.21261
-0.00370776    0.999991  0.00185902  -0.0456586
 0.00113154 -0.00185483    0.999998 -0.00940973
          0           0           0           1
    0.999999  0.000709574   0.00146184    -0.265047
-0.000708522            1 -0.000720348   -0.0199901
 -0.00146235  0.000719311     0.999999  -0.00203384
           0            0            0            1
    0.999994  -0.00174138   0.00298521    -0.255273
  0.00174549     0.999997  -0.00137546   -0.0329876
 -0.00298281   0.00138066     0.999995 -0.000859438
           0            0            0            1
    0.999997 -0.000760615   0.00252134    -0.800781
 0.000770197     0.999993  -0.00380122   -0.0125367
 -0.00251843   0.00380315      0.99999     0.013507
           0            0            0            1
    0.999998  -0.00198904   0.00058213    -0.823942
  0.00198924     0.999998   -0.0003435    0.0123276
-0.000581446  0.000344658            1  -0.00516567
           0            0            0            1
    0.999997  -0.00262801  0.000405755    -0.803477
   0.0026285     0.999996  -0.00122126   0.00209544
-0.000402544   0.00122233     0.999999    0.0014083
           0            0            0            1
    0.999995  -0.00312794 -0.000267686    -0.808634
  0.00312725     0.999992   -0.0025271   -0.0102918
 0.000275589   0.00252625     0.999997   -0.0027368
           0            0            0            1
    0.999993  -0.00372307 -0.000312651    -0.814671
  0.00372198     0.999987   -0.0034048  -0.00428714
 0.000325322   0.00340362     0.999994    0.0106173
           0            0            0            1
    0.999981  -0.00610065 -0.000895795    -0.840566
  0.00609916      0.99998  -0.00165781   -0.0044446
 0.000905891   0.00165231     0.999998   -0.0126728
           0            0            0            1
   0.999972 -0.00731836 -0.00122198   -0.825407
 0.00731704    0.999972 -0.00107854  -0.0233027
 0.00122984  0.00106957    0.999999 -0.00438856
          0           0           0           1
    0.999985  -0.00551166 -1.35133e-06    -0.855757
  0.00551166     0.999984  -0.00125692   -0.0309537
 8.27873e-06    0.0012569     0.999999  -0.00076076
           0            0            0            1
    0.999987   -0.0050958 -0.000939206    -0.858178
  0.00509597     0.999987  0.000185228    0.0119605
  0.00093825 -0.000190012            1   -0.0141403
           0            0            0            1
    0.999976  -0.00683107  -0.00076849    -0.885066
  0.00683122     0.999977  0.000201392   0.00603772
 0.000767096 -0.000206637            1   0.00533334
           0            0            0            1
    0.999993  -0.00384225 -0.000393959    -0.878523
   0.0038423     0.999993   0.00011067 -0.000860562
  0.00039353 -0.000112183            1   -0.0157528
           0            0            0            1
   0.999939 -0.00983369  0.00497358   -0.946516
 0.00998083    0.999486  -0.0304794  -0.0206505
 -0.0046713   0.0305272    0.999523   0.0400526
          0           0           0           1
   0.998595  -0.0529259  0.00275637    -1.27714
  0.0527909    0.997942   0.0363911    -5.00387
-0.00467672  -0.0361944    0.999334    0.138589
          0           0           0           1
   0.999999  -0.0013922 -0.00075722   -0.845499
 0.00138948    0.999993 -0.00358393   0.0213157
0.000762204  0.00358287    0.999993 0.000960972
          0           0           0           1
   0.999994 -0.00308466 -0.00137332    -0.89545
 0.00308088    0.999991 -0.00274562 -0.00888718
 0.00138178  0.00274137    0.999995  0.00210864
          0           0           0           1
    0.999998  -0.00171025 -0.000399211    -0.873781
  0.00170974     0.999998  -0.00127713   0.00231768
 0.000401394   0.00127644     0.999999   0.00401142
           0            0            0            1
    0.999999  -0.00112676 -0.000333137     -0.90526
  0.00112618     0.999998  -0.00175972    0.0111522
 0.000335119   0.00175934     0.999998   0.00124783
           0            0            0            1
    0.999999  -0.00107619  0.000462059    -0.924886
  0.00107432     0.999991   0.00402712    0.0310122
-0.000466389  -0.00402662     0.999992    0.0157089
           0            0            0            1
           1 -0.000283535  0.000364941    -0.928557
 0.000284401     0.999997  -0.00237708    0.0132053
-0.000364267   0.00237718     0.999997   0.00199224
           0            0            0            1
   0.999999 0.000337669  -0.0015072    -0.95698
-0.00034139    0.999997 -0.00246898  0.00392855
 0.00150636  0.00246949    0.999996   0.0054407
          0           0           0           1
    0.999992  0.000254196  -0.00409276     -1.03577
-0.000250203            1  0.000976185    0.0257583
  0.00409301 -0.000975153     0.999991   0.00902171
           0            0            0            1
   0.999997  0.00109579  -0.0021072   -0.936684
-0.00109952    0.999998  -0.0017715  0.00446366
 0.00210525  0.00177381    0.999996  -0.0149436
          0           0           0           1
    0.999999    0.0007303 -0.000838548    -0.920741
-0.000731378     0.999999   -0.0012857  0.000405361
 0.000837609   0.00128631     0.999999  -0.00167683
           0            0            0            1
           1   0.00030421 -0.000744923    -0.901141
-0.000305244     0.999999  -0.00138806   0.00848193
   0.0007445   0.00138828     0.999999  -0.00119709
           0            0            0            1
    0.999996   0.00259461  -0.00103169    -0.894643
 -0.00259507     0.999997 -0.000440186   0.00977072
  0.00103054  0.000442861     0.999999  -0.00883868
           0            0            0            1
    0.99999  0.00304652 -0.00324853   -0.926133
-0.00304238    0.999995  0.00127901 -0.00346484
 0.00325241 -0.00126911    0.999994 -0.00832094
          0           0           0           1
    0.999997   0.00235561  -0.00123682    -0.930142
 -0.00235623     0.999997 -0.000498394  -0.00994098
  0.00123564  0.000501306     0.999999  -0.00622728
           0            0            0            1
    0.999999   0.00107504  0.000214922    -0.897795
  -0.0010746     0.999997  -0.00201389   -0.0072993
-0.000217086   0.00201366     0.999998  -0.00377548
           0            0            0            1
           1   0.00102386 -0.000388068    -0.916157
 -0.00102508     0.999994  -0.00316421   0.00103521
 0.000384826   0.00316461     0.999995   -0.0115371
           0            0            0            1
    0.999998  0.000177215  -0.00197915    -0.943566
 -0.00017836            1 -0.000578325   -0.0103793
  0.00197904  0.000578677     0.999998    0.0118984
           0            0            0            1
    0.999997 -0.000566089  -0.00215277    -0.898487
 0.000567791            1  0.000790065   0.00437682
  0.00215232 -0.000791286     0.999997    0.0041851
           0            0            0            1
   0.999997 -0.00117141 -0.00220543   -0.875855
 0.00117611    0.999997  0.00213415   0.0173598
 0.00220292 -0.00213673    0.999995 -0.00986654
          0           0           0           1
    0.999996  -0.00278328 -0.000715445    -0.911265
  0.00278426     0.999995   0.00137354    0.0148521
 0.000711618  -0.00137553     0.999999  -0.00262985
           0            0            0            1
   0.999201  -0.0397846 -0.00366472    -1.72967
  0.0398887     0.99859   0.0350344     -1.1035
 0.00226573  -0.0351526    0.999379   0.0586714
          0           0           0           1
   0.999999 -0.00114001 -0.00062774   -0.878896
 0.00113715    0.999989 -0.00452842  0.00989844
0.000632895   0.0045277     0.99999 -0.00635174
          0           0           0           1
           1 -0.000129617 -0.000693601     -0.82282
 0.000128061     0.999997  -0.00224202  -0.00244785
 0.000693889   0.00224193     0.999997  -0.00787861
           0            0            0            1
    0.999999  -3.3147e-05 -0.000987491    -0.859749
 2.86207e-05     0.999989  -0.00458335   -0.0196567
 0.000987632   0.00458332     0.999989   0.00346047
           0            0            0            1
    0.999999  0.000604626  -0.00161443     -0.84918
-0.000608174     0.999997  -0.00219768  -0.00418125
   0.0016131   0.00219866     0.999996   0.00292832
           0            0            0            1
    0.999999  0.000856618 -0.000663854    -0.777672
-0.000861015     0.999978  -0.00665151   -0.0226117
 0.000658142   0.00665208     0.999978  -0.00148846
           0            0            0            1
    0.999999  0.000939674   0.00118279     -0.71861
-0.000937723     0.999998  -0.00164936  -0.00899212
 -0.00118434   0.00164825     0.999998   0.00124085
           0            0            0            1
           1  0.000834455 -0.000222961      -0.7061
-0.000835099     0.999996  -0.00290284   -0.0222407
 0.000220537   0.00290303     0.999996   0.00360824
           0            0            0            1
           1  0.000960226  0.000145228     -0.66843
-0.000959962     0.999998  -0.00180383   -0.0175082
 -0.00014696   0.00180369     0.999998  -0.00388873
           0            0            0            1
           1  0.000366074   0.00100455    -0.702257
-0.000365835            1 -0.000238705   -0.0281799
 -0.00100463  0.000238337            1  -0.00381924
           0            0            0            1
           1  0.000649996 -0.000474423    -0.702461
-0.000649793            1  0.000426261   -0.0254348
   0.0004747 -0.000425952            1   0.00170707
           0            0            0            1
    0.999999  7.33482e-05  -0.00110352    -0.731638
-7.44747e-05            1  -0.00102087   -0.0221351
  0.00110344   0.00102095     0.999999  -0.00751641
           0            0            0            1
    0.999999 -1.81764e-05  -0.00156748    -0.734718
 1.54397e-05     0.999998  -0.00174597   -0.0181083
  0.00156751   0.00174595     0.999997  -0.00837594
           0            0            0            1
           1  0.000841356 -0.000317709    -0.657525
-0.000841662     0.999999 -0.000963027  -0.00869469
 0.000316899  0.000963294            1   0.00404303
           0            0            0            1
           1  0.000612418 -0.000678499    -0.667932
-0.000613187     0.999999  -0.00113411  -0.00815265
 0.000677804   0.00113452     0.999999   0.00205413
           0            0            0            1
           1 -0.000353079 -0.000515593     -0.65868
 0.000352039     0.999998  -0.00201678   -0.0265803
 0.000516304   0.00201659     0.999998  -0.00639223
           0            0            0            1
           1 -0.000685916  -0.00054388    -0.657976
 0.000686757     0.999998   0.00154786   -0.0119028
 0.000542817  -0.00154824     0.999999     0.002634
           0            0            0            1
    0.999997 -0.000461727   -0.0022648    -0.669517
 0.000461408            1 -0.000141337   -0.0239967
  0.00226486  0.000140292     0.999997   0.00753005
           0            0            0            1
   0.999988 0.000306831 -0.00484813   -0.646616
-0.00030037    0.999999  0.00133339   0.0609509
 0.00484854 -0.00133192    0.999988  -0.0125693
          0           0           0           1
    0.999991 -0.000662678  -0.00418578    -0.684533
   0.0006707     0.999998   0.00191528  -0.00629975
   0.0041845  -0.00191807     0.999989   -0.0241641
           0            0            0            1
           1 -0.000479809 -0.000673274    -0.633839
 0.000477344     0.999993  -0.00365616   -0.0352074
 0.000675024   0.00365583     0.999993  -0.00322696
           0            0            0            1
           1 -0.000492782 -0.000398413    -0.600142
  0.00049174     0.999997  -0.00261227  -0.00862196
 0.000399699   0.00261208     0.999997   -0.0102001
           0            0            0            1
    0.999999  0.000100052   0.00094534    -0.623346
-9.99997e-05            1 -5.50046e-05  -0.00550586
-0.000945345    5.491e-05            1 -0.000328987
           0            0            0            1
    0.999995 -0.000205003   0.00311476    -0.632227
  0.00019705     0.999997   0.00255345  -0.00272271
 -0.00311527  -0.00255283     0.999992  -0.00159247
           0            0            0            1
           1  0.000370919  0.000189429    -0.655209
-0.000371667     0.999992   0.00396427  -0.00226029
-0.000187957  -0.00396434     0.999992   0.00304877
           0            0            0            1
   0.999996 -0.00239907 -0.00121318    -0.64351
 0.00239741    0.999996 -0.00136071  0.00930831
 0.00121644   0.0013578    0.999998 0.000882992
          0           0           0           1
    0.999995  -0.00309419 -0.000993346    -0.655251
  0.00309082     0.999989  -0.00337764   -0.0235261
  0.00100379   0.00337455     0.999994  -0.00497144
           0            0            0            1
    0.999985  -0.00379106  -0.00394262    -0.636543
  0.00378847     0.999993 -0.000664312   -0.0174456
  0.00394511  0.000649366     0.999992  -0.00521435
           0            0            0            1
   0.999965 -0.00691277 -0.00461075   -0.646716
  0.0069263    0.999972    0.002925  -0.0130347
  0.0045904 -0.00295683    0.999985 -0.00782848
          0           0           0           1
   0.999983 -0.00530117 -0.00244702   -0.662487
 0.00530929     0.99998  0.00332412  0.00151084
 0.00242935 -0.00333705    0.999991 -0.00684663
          0           0           0           1
    0.999992  -0.00405612 -0.000180547    -0.665011
  0.00405682     0.999984   0.00405308  -0.00197003
 0.000164104  -0.00405378     0.999992   0.00303361
           0            0            0            1
   0.999992 -0.00405611 -0.00032135   -0.689137
 0.00405679    0.999989  0.00214199  0.00182024
0.000312658 -0.00214327    0.999998   0.0115762
          0           0           0           1
    0.999998  -0.00173304 -0.000906229    -0.756616
  0.00173434     0.999997   0.00144099    0.0472242
 0.000903729  -0.00144256     0.999999     0.016689
           0            0            0            1
    0.999942   -0.0107939 -0.000623061    -0.576935
   0.0107942     0.999941  0.000568797   -0.0370101
 0.000616885 -0.000575489            1   0.00267878
           0            0            0            1
    0.999983  -0.00573582  0.000617012    -0.698779
  0.00573588     0.999984 -8.90702e-05   -0.0138557
-0.000616491  9.26079e-05            1      0.01777
           0            0            0            1
    0.999986  -0.00527599  0.000106832    -0.733321
  0.00527606     0.999986 -0.000714762  -0.00825752
 -0.00010306  0.000715315            1   0.00855103
           0            0            0            1
    0.999988   -0.0050102   0.00034043    -0.707044
  0.00501025     0.999987 -0.000134198    0.0145647
-0.000339753  0.000135902            1   0.00113626
           0            0            0            1
    0.999998  -0.00214243 -0.000614533    -0.702237
  0.00214338     0.999996   0.00155464   0.00557748
   0.0006112  -0.00155596     0.999999   0.00158312
           0            0            0            1
    0.999999  0.000121062  -0.00113429    -0.759881
-0.000117939     0.999996    0.0027533    0.0248442
  0.00113461  -0.00275317     0.999996  -0.00480599
           0            0            0            1
    0.999989   -0.0036157  -0.00306699    -0.764138
  0.00361555     0.999993 -5.43373e-05    -0.016332
  0.00306716  4.32477e-05     0.999995  -0.00501562
           0            0            0            1
   0.999991 -0.00211426 -0.00361428    -0.72526
 0.00215148    0.999944    0.010326   -0.577755
 0.00359225  -0.0103337     0.99994 -0.00880937
          0           0           0           1
           1 -0.000171313 -0.000940073    -0.731397
 0.000171389            1  8.13118e-05   -0.0289113
 0.000940059 -8.14728e-05            1  -0.00401814
           0            0            0            1
    0.999999     0.001131 -9.12462e-05    -0.751436
 -0.00113105     0.999999  -0.00052609  -0.00985636
 9.06511e-05  0.000526193            1     0.016363
           0            0            0            1
    0.999998   0.00197493  5.01229e-05    -0.745801
 -0.00197486     0.999997  -0.00154412   -0.0101679
-5.31723e-05   0.00154402     0.999999   0.00734236
           0            0            0            1
    0.999993    0.0035711  0.000817936    -0.738335
  -0.0035719     0.999993  0.000974643  0.000424555
-0.000814449 -0.000977558     0.999999   0.00253963
           0            0            0            1
    0.999993   0.00366929 -0.000205768    -0.756512
 -0.00366917     0.999993  0.000591811  -0.00786582
 0.000207938 -0.000591052            1   0.00812987
           0            0            0            1
     0.99999   0.00422754  -0.00125574    -0.733028
 -0.00422647     0.999991  0.000853459   0.00488428
  0.00125934 -0.000848143     0.999999   0.00378177
           0            0            0            1
    0.99998  0.00519986 -0.00352869   -0.765256
-0.00520662    0.999985 -0.00191025 0.000129775
  0.0035187  0.00192859    0.999992  0.00631427
          0           0           0           1
    0.999972   0.00686265   -0.0027862    -0.743341
  -0.0068613     0.999976  0.000493937   -0.0146991
  0.00278952 -0.000474806     0.999996  -0.00489936
           0            0            0            1
   0.999971  0.00754878 -0.00125111   -0.747328
-0.00754654     0.99997  0.00179058  0.00124263
 0.00126458 -0.00178108    0.999998  -0.0057759
          0           0           0           1
    0.999943    0.0106127   0.00075987    -0.744144
  -0.0106135     0.999943  0.000987801    0.0344812
-0.000749344  -0.00099581     0.999999   0.00160381
           0            0            0            1
   0.999937   0.0109956   0.0020884   -0.751216
 -0.0109929    0.999939 -0.00131205  -0.0128001
-0.00210269  0.00128901    0.999997 -0.00189608
          0           0           0           1
    0.999906    0.0136343   0.00152856    -0.750285
  -0.0136329     0.999907 -0.000902746   -0.0269599
 -0.00154073  0.000881822     0.999998   0.00682539
           0            0            0            1
     0.99989    0.0148518 -0.000413937    -0.744373
   -0.014852      0.99989 -0.000367972   0.00698827
 0.000408426  0.000374079            1   0.00318378
           0            0            0            1
    0.999871    0.0156965  -0.00342443    -0.730963
  -0.0156938     0.999876  0.000791919   0.00808013
  0.00343643 -0.000738074     0.999994  -0.00217909
           0            0            0            1
    0.999887    0.0147407  -0.00300519     -0.73627
  -0.0147381     0.999891  0.000881342    0.0146054
  0.00301786 -0.000836951     0.999995  -0.00972164
           0            0            0            1
    0.999877    0.0155871  -0.00186573     -0.74512
  -0.0155878     0.999878 -0.000389106   -0.0117844
  0.00185944  0.000418141     0.999998  -0.00763328
           0            0            0            1
    0.999867    0.0162867 -0.000299821    -0.742787
  -0.0162864     0.999867   0.00100819   -0.0100222
 0.000316201  -0.00100317            1  -0.00678518
           0            0            0            1
   0.999888    0.014876   0.0015893   -0.711898
 -0.0148838    0.999877  0.00501097  -0.0139043
-0.00151456 -0.00503407    0.999986  -0.0193055
          0           0           0           1
   0.999869   0.0156141  0.00414998   -0.706771
 -0.0156054    0.999876 -0.00211322   0.0206926
-0.00418246  0.00204818    0.999989    0.013751
          0           0           0           1
   0.999911   0.0129292  0.00329075   -0.716196
 -0.0129333    0.999916  0.00121847   0.0285752
-0.00327471 -0.00126092    0.999994 0.000794372
          0           0           0           1
   0.999952  0.00948889  0.00227892   -0.744752
 -0.0094934    0.999953  0.00197835  -0.0318341
-0.00226004 -0.00199989    0.999995  0.00932946
          0           0           0           1
    0.99996  0.00836834 -0.00310758    -0.75731
-0.00838289    0.999954 -0.00469592  -0.0396557
 0.00306814  0.00472178    0.999984 -0.00568203
          0           0           0           1
   0.999983  0.00298666 -0.00497812   -0.732807
-0.00299643    0.999994 -0.00195479 -0.00178346
 0.00497225  0.00196967    0.999986  0.00595084
          0           0           0           1
    0.999986 -0.000554303  -0.00519587    -0.740859
 0.000572753     0.999994   0.00355005    0.0155274
  0.00519387  -0.00355298      0.99998   -0.0165413
           0            0            0            1
    0.999995  -0.00327583 -0.000321659    -0.762859
  0.00327524     0.999993  -0.00180398  -0.00300802
 0.000327566   0.00180291     0.999998  -0.00625763
           0            0            0            1
    0.999972   -0.0063677   0.00397541    -0.742754
  0.00637493     0.999978  -0.00180783 -0.000202426
 -0.00396381   0.00183312     0.999991  -0.00338546
           0            0            0            1
     0.99995  -0.00928606   0.00365239    -0.725107
  0.00928755     0.999957 -0.000390397   0.00813276
 -0.00364861    0.0004243     0.999993   0.00726173
           0            0            0            1
    0.999919   -0.0127231  0.000572288    -0.756607
   0.0127222     0.999918   0.00154033   0.00240435
-0.000591839  -0.00153292     0.999999  -0.00153182
           0            0            0            1
    0.999887   -0.0149202  -0.00177699    -0.763613
   0.0149201     0.999889 -2.66094e-05   0.00700941
  0.00177719  9.34524e-08     0.999998   0.00202478
           0            0            0            1
   0.999873  -0.0157548 -0.00236221    -0.78853
  0.0157632    0.999869  0.00356812  0.00206868
 0.00230568  -0.0036049    0.999991 -0.00320644
          0           0           0           1
   0.999868  -0.0161306 -0.00191817   -0.790348
  0.0161353    0.999867  0.00245264  0.00628157
 0.00187835 -0.00248326    0.999995 -0.00129191
          0           0           0           1
    0.99988  -0.0153333 -0.00230341   -0.818009
  0.0153417    0.999876  0.00366194   0.0251871
 0.00224697 -0.00369684    0.999991  0.00363057
          0           0           0           1
    0.999882   -0.0148923  -0.00380535    -0.789863
   0.0148929     0.999889  0.000110022   -0.0235578
  0.00380329 -0.000166681     0.999993   0.00707362
           0            0            0            1
   0.999883  -0.0141777 -0.00569508   -0.738772
  0.0141898    0.999897  0.00209745  -0.0120209
 0.00566476 -0.00217802    0.999982  0.00994246
          0           0           0           1
    0.999894   -0.0138535  -0.00444629    -0.769945
   0.0138617     0.999902   0.00181793    0.0301857
  0.00442067  -0.00187937     0.999988 -3.27784e-05
           0            0            0            1
   0.999939  -0.0106883 -0.00278893   -0.797794
  0.0106991    0.999935  0.00387751  -0.0198945
  0.0027473 -0.00390712    0.999989  0.00395199
          0           0           0           1
   0.999961 -0.00874773   -0.000869   -0.776942
 0.00874999    0.999958    0.002644   0.0118424
0.000845835  -0.0026515    0.999996  -0.0146726
          0           0           0           1
   0.999967 -0.00814865 -0.00019959   -0.853471
  0.0081484    0.999966 -0.00124557   0.0037521
0.000209733   0.0012439    0.999999 -0.00477042
          0           0           0           1
     0.99996  -0.00820902  -0.00348581     -0.88974
  0.00820906     0.999966 -2.23193e-06    -0.117509
  0.00348571 -2.63835e-05     0.999994    0.0161547
           0            0            0            1
    0.999963  -0.00564649  -0.00647642    -0.914687
  0.00566817     0.999978   0.00333467   -0.0590192
  0.00645745  -0.00337126     0.999974 -0.000149053
           0            0            0            1
   0.999977 -0.00434218 -0.00515956   -0.843171
 0.00435639    0.999987  0.00274484  0.00478565
 0.00514758 -0.00276726    0.999983  0.00970668
          0           0           0           1
    0.999969  -0.00778913 -0.000905385    -0.926901
  0.00778905      0.99997 -9.38733e-05   0.00291782
 0.000906088  8.68181e-05            1   0.00164044
           0            0            0            1
    0.999985   -0.0054858 -0.000478485    -0.899469
  0.00548718     0.999981   0.00293581   -0.0463972
  0.00046237  -0.00293839     0.999996   -0.0102008
           0            0            0            1
   0.999954 -0.00938031 -0.00177645   -0.821137
 0.00937542    0.999952 -0.00274177   -0.267429
 0.00180209  0.00272499    0.999995   0.0125567
          0           0           0           1
   0.999968 -0.00390652 -0.00695007   -0.809386
 0.00392195     0.99999   0.0022088  -0.0246781
 0.00694137 -0.00223599    0.999973  -0.0128944
          0           0           0           1
    0.99997 -0.00386079 -0.00670281   -0.813087
 0.00389115    0.999982   0.0045234  -0.0196849
 0.00668523 -0.00454934    0.999967   0.0406335
          0           0           0           1
    0.99998 -0.00488587 -0.00415887   -0.821497
 0.00488114    0.999988 -0.00114754  -0.0374234
 0.00416443  0.00112721    0.999991 -0.00876063
          0           0           0           1
   0.999984  -0.0055658  -0.0012014   -0.826914
 0.00556439    0.999984 -0.00117516   0.0012554
 0.00120793  0.00116845    0.999999 -0.00433021
          0           0           0           1
   0.999986  -0.0051964  -0.0011263   -0.816904
 0.00519867    0.999985   0.0020158  -0.0218524
 0.00111581 -0.00202163    0.999997  0.00230748
          0           0           0           1
    0.999975   -0.0060177  -0.00366377    -0.835721
  0.00601551     0.999982 -0.000607197   -0.0317172
  0.00366736  0.000585143     0.999993   -0.0034003
           0            0            0            1
    0.99998 -0.00496672 -0.00400359   -0.797728
 0.00498554    0.999977  0.00470578  0.00623427
 0.00398012 -0.00472564    0.999981  0.00849171
          0           0           0           1
   0.999989 -0.00444853 -0.00162387   -0.852342
 0.00445866     0.99997  0.00629031   0.0017483
 0.00159583 -0.00629748    0.999979 -0.00412611
          0           0           0           1
     0.99999  -0.00453877 -0.000280288    -0.813172
   0.0045394     0.999987   0.00230441   0.00777394
 0.000269826  -0.00230566     0.999997   -0.0110245
           0            0            0            1
    0.999993  -0.00366237 -0.000301093    -0.792574
  0.00366252     0.999993  0.000486334    0.0179109
  0.00029931 -0.000487434            1  0.000857493
           0            0            0            1
   0.999998 -0.00114874 -0.00181696   -0.825924
 0.00115524    0.999993  0.00358184  0.00400184
 0.00181283 -0.00358393    0.999992  0.00276693
          0           0           0           1
    0.999988  -0.00163542  -0.00460586    -0.819982
  0.00163958     0.999998  0.000900736    0.0177346
  0.00460437 -0.000908277     0.999989   0.00304195
           0            0            0            1
    0.999993 -0.000924389  -0.00353481    -0.814939
  0.00091993     0.999999  -0.00126267    0.0250023
  0.00353597   0.00125941     0.999993  -0.00555499
           0            0            0            1
           1 -0.000381161 -0.000962202    -0.824081
 0.000382233     0.999999   0.00111378    0.0162727
 0.000961776  -0.00111414     0.999999   -0.0124525
           0            0            0            1
   0.999999 -0.00100222  0.00115878   -0.802257
0.000999316    0.999996  0.00250244   0.0104799
-0.00116128 -0.00250128    0.999996    0.010823
          0           0           0           1
    0.999999    0.0011567  0.000509474    -0.828571
  -0.0011543     0.999988  -0.00468075   0.00984646
-0.000514882   0.00468016     0.999989   -0.0141843
           0            0            0            1
   0.999996  0.00187471 -0.00191092   -0.882866
 -0.0018635    0.999981  0.00585188  0.00316152
 0.00192185  -0.0058483    0.999981  0.00912544
          0           0           0           1
    0.999994  0.000878702  -0.00330445    -0.840444
-0.000912414     0.999947   -0.0102141    0.0102042
   0.0032953    0.0102171     0.999942   -0.0287674
           0            0            0            1
   0.999993  0.00118256 -0.00348537   -0.856553
-0.00117717    0.999998  0.00154849   0.0158884
 0.00348719 -0.00154437    0.999993 -0.00141594
          0           0           0           1
   0.999995  0.00267972 -0.00162695   -0.888958
-0.00267819    0.999996 0.000943872  0.00916431
 0.00162947 -0.00093951    0.999998  -0.0105433
          0           0           0           1
    0.999997   0.00234448  0.000464312    -0.857921
 -0.00234448     0.999997 -1.40018e-05     0.020143
-0.000464343  1.29132e-05            1   0.00201286
           0            0            0            1
    0.999996    0.0027609 -0.000429493    -0.867782
 -0.00276001     0.999994   0.00206374    0.0390177
 0.000435189  -0.00206255     0.999998   -0.0230171
           0            0            0            1
   0.999953 -0.00911212 -0.00326653   -0.922169
 0.00908043    0.999913  -0.0095868   -0.148944
 0.00335361  0.00955669    0.999949  -0.0359431
          0           0           0           1
    0.999993   0.00368642  0.000321152    -0.920733
  -0.0036873     0.999989   0.00275749  -0.00544272
-0.000310983  -0.00275865     0.999996    0.0131878
           0            0            0            1
    0.999992   0.00397251 -0.000116068     -0.90031
 -0.00397294     0.999984  -0.00395945   -0.0145985
 0.000100337   0.00395988     0.999992   -0.0124354
           0            0            0            1
   0.999986  0.00484586 -0.00210298   -0.922462
-0.00485178    0.999984 -0.00281921  0.00386587
 0.00208929  0.00282937    0.999994  0.00495653
          0           0           0           1
   0.999992  0.00355856 -0.00156077   -0.856823
-0.00357054    0.999964 -0.00774148   -0.164054
 0.00153316    0.007747    0.999969  -0.0145902
          0           0           0           1
    0.999992   0.00389998 -0.000710108    -0.885052
 -0.00389931     0.999992  0.000945897   -0.0099943
 0.000713791 -0.000943121     0.999999   -0.0106401
           0            0            0            1
    0.999986   0.00525539   0.00126809    -0.913604
 -0.00525656     0.999986  0.000919511   -0.0284926
 -0.00126324 -0.000926164     0.999999 -0.000687089
           0            0            0            1
   0.999994  0.00334377   0.0014781   -0.858891
-0.00334613    0.999993   0.0015956  0.00628367
-0.00147276 -0.00160053    0.999998  0.00101663
          0           0           0           1
   0.999997  0.00239418 0.000216319   -0.850705
-0.00239486    0.999992  0.00322348  0.00805264
 -0.0002086 -0.00322399    0.999995  0.00434479
          0           0           0           1
   0.999997  0.00197008 -0.00100512   -0.915216
 -0.0019661     0.99999  0.00395187   0.0193721
 0.00101289 -0.00394988    0.999992 -0.00674181
          0           0           0           1
   0.999993  0.00135043 -0.00350971   -0.880387
-0.00132922    0.999981  0.00603755   0.0140433
  0.0035178 -0.00603284    0.999976  0.00431888
          0           0           0           1
           1  0.000582223  1.99863e-05    -0.885365
-0.000582249     0.999999    0.0013825    0.0134869
-1.91814e-05  -0.00138252     0.999999   0.00750433
           0            0            0            1
    0.999988  0.000267381   0.00485647     -0.87053
-0.000262197     0.999999  -0.00106807   -0.0177379
 -0.00485675   0.00106679     0.999988  -0.00618903
           0            0            0            1
