   0.999995  0.00295657  0.00120905   -0.753665
-0.00295892    0.999994  0.00194528  -0.0133803
-0.00120329 -0.00194885    0.999997  0.00433156
          0           0           0           1
     0.99999   0.00432999  0.000945117    -0.714002
 -0.00432862      0.99999  -0.00145226    0.0234983
-0.000951396   0.00144815     0.999999   0.00450753
           0            0            0            1
    0.999975   0.00710097 -0.000101765    -0.308539
 -0.00710087     0.999974  0.000942331    0.0791632
 0.000108453 -0.000941585            1    0.0169364
           0            0            0            1
     0.99999   0.00451034  0.000290213    -0.720863
 -0.00451008     0.999989  -0.00091444   0.00773699
-0.000294334  0.000913122            1   0.00848919
           0            0            0            1
    0.999989   0.00461099 -0.000284635    -0.689799
 -0.00461078     0.999989  0.000730934    0.0139295
 0.000288002 -0.000729613            1   0.00441152
           0            0            0            1
    0.999989   0.00475651 -0.000121978    -0.727144
 -0.00475655     0.999989 -0.000254261   -0.0100421
 0.000120767  0.000254839            1    0.0136353
           0            0            0            1
    0.999991   0.00425824   0.00017827     -0.77362
 -0.00425795      0.99999  -0.00162159   -0.0148961
-0.000185173   0.00162082     0.999999   0.00325719
           0            0            0            1
    0.999992   0.00379688  -0.00080331    -0.765239
  -0.0037976     0.999992 -0.000895639   -0.0222618
 0.000799903  0.000898683     0.999999   0.00680533
           0            0            0            1
   0.999993  0.00344477 -0.00126081   -0.865378
-0.00344279    0.999993  0.00156731  -0.0383686
  0.0012662 -0.00156296    0.999998  0.00671335
          0           0           0           1
   0.999995  0.00277556 -0.00136489   -0.860086
 -0.0027734    0.999995  0.00157688 -0.00138638
 0.00136926 -0.00157309    0.999998  0.00708157
          0           0           0           1
    0.999996   0.00260039  -0.00089746     -0.73787
 -0.00259973     0.999996  0.000739848  -0.00955574
 0.000899381 -0.000737512     0.999999   0.00236009
           0            0            0            1
    0.999997   0.00263305 -1.79654e-05    -0.723706
 -0.00263301     0.999995   0.00197259  -0.00271417
 2.31592e-05  -0.00197253     0.999998    0.0113437
           0            0            0            1
    0.999999   0.00164946 -0.000266661     -0.76394
 -0.00164918     0.999998   0.00103421   -0.0113995
 0.000268366  -0.00103377     0.999999  -0.00426731
           0            0            0            1
    0.999997   0.00211648 -0.000704346    -0.805626
 -0.00211634     0.999998  0.000203098     -0.02169
 0.000704774 -0.000201607            1  -0.00795436
           0            0            0            1
    0.999999    0.0015607 -0.000210389    -0.814697
 -0.00155982      0.99999   0.00412557   -0.0230435
 0.000216826  -0.00412524     0.999991    0.0106631
           0            0            0            1
   0.999997  0.00163101  0.00153286   -0.860749
-0.00162855    0.999997 -0.00160687  -0.0134084
-0.00153548  0.00160437    0.999998   0.0156946
          0           0           0           1
   0.999905   0.0134138  0.00309786    -1.50478
 -0.0133913    0.999885 -0.00717121   -0.240462
 -0.0031937  0.00712905     0.99997  -0.0430428
          0           0           0           1
    0.999999  0.000541168   0.00116146     -0.84313
-0.000537118     0.999994  -0.00348435  -0.00777687
 -0.00116334   0.00348373     0.999993    0.0156364
           0            0            0            1
    0.999998   0.00187425 -0.000105574    -0.837364
 -0.00187433     0.999998 -0.000782325   -0.0288948
 0.000104108  0.000782522            1  -0.00136397
           0            0            0            1
    0.999998   0.00140321  -0.00115143    -0.884641
 -0.00140266     0.999999  0.000472371   -0.0163238
  0.00115209 -0.000470755     0.999999  -0.00612838
           0            0            0            1
    0.999999   0.00150893 -0.000669802    -0.890469
 -0.00150863     0.999999  0.000451068   -0.0121695
 0.000670482 -0.000450057            1  -0.00603287
           0            0            0            1
    0.999996   0.00256416 -0.000887438    -0.863085
 -0.00256555     0.999995  -0.00156902   -0.0239693
 0.000883411   0.00157129     0.999998  -0.00524279
           0            0            0            1
    0.999995   0.00327278  0.000266201    -0.830331
 -0.00327305     0.999994  0.000991461  -0.00658051
-0.000262955 -0.000992327     0.999999    0.0125276
           0            0            0            1
    0.999996   0.00274265  0.000181084    -0.857385
 -0.00274252     0.999996  -0.00073696   -0.0134002
-0.000183104  0.000736461            1  -0.00579817
           0            0            0            1
    0.999999  0.000470823  -0.00112464     -0.90301
-0.000470738            1  7.63507e-05  8.47313e-06
  0.00112467 -7.58212e-05     0.999999   -0.0119556
           0            0            0            1
    0.999997  0.000510502  -0.00224931    -0.931782
-0.000509293            1  0.000537987   0.00909516
  0.00224959  -0.00053684     0.999997    0.0150349
           0            0            0            1
    0.999997    0.0012194   -0.0020469    -0.935513
 -0.00121824     0.999999  0.000569952   -0.0143005
  0.00204759 -0.000567456     0.999998    0.0113481
           0            0            0            1
   0.999983  0.00541879 -0.00193871    -1.44095
-0.00541033    0.999976  0.00434394   0.0906905
  0.0019622 -0.00433338    0.999989  -0.0051594
          0           0           0           1
           1  0.000662881  -0.00041782     -1.00278
-0.000662202     0.999999   0.00162362    0.0110635
 0.000418896  -0.00162334     0.999999   -0.0060403
           0            0            0            1
    0.999993  -0.00324026   0.00191385    -0.827549
  0.00323865     0.999994  0.000845492     0.322083
 -0.00191658 -0.000839287     0.999998    0.0322097
           0            0            0            1
   0.999992 -0.00188712  0.00347917     -0.8978
 0.00189336    0.999997  -0.0017923   -0.020929
-0.00347578  0.00179887    0.999992   0.0134604
          0           0           0           1
   0.999997 -0.00216541   0.0014653   -0.898808
 0.00216818    0.999996 -0.00189243   0.0228644
-0.00146119   0.0018956    0.999997  -0.0075395
          0           0           0           1
    0.999999 -0.000965051  -0.00081401    -0.882837
 0.000965085     0.999999   4.1599e-05  -0.00501889
  0.00081397 -4.23843e-05            1   0.00145121
           0            0            0            1
   0.999992 -0.00130159 -0.00366467   -0.866169
 0.00130719    0.999998  0.00152471  -0.0756524
 0.00366268 -0.00152949    0.999992  0.00693326
          0           0           0           1
    0.999996  0.000295811  -0.00284612    -0.899293
-0.000284129     0.999992   0.00410408    0.0282001
  0.00284731  -0.00410326     0.999988  -0.00703583
           0            0            0            1
           1  0.000929189  0.000441681    -0.903925
-0.000931364     0.999987   0.00495079    0.0124513
-0.000437075   -0.0049512     0.999988  0.000135273
           0            0            0            1
    0.999995 -0.000289287   0.00304756    -0.922189
 0.000292668     0.999999  -0.00110884  -0.00759378
 -0.00304723   0.00110972     0.999995   0.00817524
           0            0            0            1
    0.999997  0.000271348   0.00222939    -0.927004
-0.000274372     0.999999   0.00135638  0.000914189
 -0.00222902  -0.00135699     0.999996    0.0060553
           0            0            0            1
           1 -0.000141556  0.000548367    -0.903049
 0.000140342     0.999998   0.00221346   -0.0423303
-0.000548679  -0.00221338     0.999997    0.0294659
           0            0            0            1
    0.999999 -0.000439784  -0.00134273    -0.920943
  0.00043945            1 -0.000249506  -0.00983002
  0.00134284  0.000248916     0.999999   -0.0154116
           0            0            0            1
    0.999999  0.000372912  -0.00126561    -0.844857
-0.000372959            1 -3.68706e-05   -0.0895185
   0.0012656  3.73423e-05     0.999999    0.0104404
           0            0            0            1
           1   0.00034031 -0.000244137    -0.896569
-0.000340857     0.999997  -0.00224474   -0.0286371
 0.000243373   0.00224482     0.999997  -0.00992155
           0            0            0            1
    0.999998 -0.000179103  -0.00172375    -0.936849
 0.000184336     0.999995   0.00303632  -0.00266395
   0.0017232  -0.00303663     0.999994    0.0156892
           0            0            0            1
    0.999998 -0.000406268  -0.00194995    -0.906904
 0.000411887     0.999996   0.00288206    0.0157372
  0.00194877  -0.00288286     0.999994   0.00252166
           0            0            0            1
    0.999999 -0.000752667  -0.00133304    -0.913683
 0.000753124            1  0.000342996    0.0144337
  0.00133278    -0.000344     0.999999    0.0122283
           0            0            0            1
    0.999999   0.00140266  8.04895e-05    -0.847952
 -0.00140274     0.999999   0.00110403     0.016221
-7.89408e-05  -0.00110414     0.999999   0.00808287
           0            0            0            1
           1  0.000628121  0.000438313    -0.865293
-0.000627641     0.999999  -0.00109298    0.0192464
-0.000438999    0.0010927     0.999999   0.00464082
           0            0            0            1
    0.999998  -0.00133823   0.00151043    -0.925914
  0.00133863     0.999999 -0.000260977   -0.0207118
 -0.00151007  0.000262998     0.999999    0.0136559
           0            0            0            1
           1 -6.99299e-05 -9.65017e-05    -0.872238
  7.0176e-05     0.999997   0.00255213    0.0231558
 9.63229e-05  -0.00255214     0.999997   0.00203581
           0            0            0            1
   0.999999 -0.00116083 -0.00129545   -0.887557
 0.00116792    0.999984   0.0054869   0.0782856
 0.00128906  -0.0054884    0.999984   0.0134776
          0           0           0           1
           1 -0.000168566 -0.000918654    -0.900773
 0.000167963            1 -0.000655657   0.00143721
 0.000918764  0.000655502     0.999999   -0.0010043
           0            0            0            1
    0.999999  0.000709226   0.00150038    -0.864691
-0.000708103     0.999999  -0.00074857  -0.00690082
 -0.00150091  0.000747507     0.999999  -0.00906326
           0            0            0            1
    0.999995   0.00052686   0.00327967    -0.923699
-0.000518751     0.999997  -0.00247276  -0.00451603
 -0.00328096   0.00247104     0.999991    0.0263249
           0            0            0            1
    0.999999 -0.000935173  0.000497709    -0.912164
 0.000934224     0.999998   0.00190414    0.0132367
-0.000499488  -0.00190367     0.999998    0.0161063
           0            0            0            1
    0.999997 -0.000750432   -0.0021362    -0.931479
 0.000752116     0.999999  0.000787208     0.016706
   0.0021356 -0.000788812     0.999997   0.00394779
           0            0            0            1
   0.999995 -0.00104178 -0.00291904   -0.930582
 0.00104936    0.999996  0.00259605   0.0146832
 0.00291633  -0.0025991    0.999992  -0.0198774
          0           0           0           1
           1  0.000353161 -0.000149184     -0.80421
-0.000352896     0.999998   0.00177276   -0.0200077
  0.00014981  -0.00177271     0.999999   0.00868338
           0            0            0            1
    0.999998  -0.00183717 -5.45086e-06    -0.895463
  0.00183718      0.99999   0.00404801   -0.0173643
-1.98613e-06  -0.00404801     0.999992   0.00311272
           0            0            0            1
           1 -0.000122752  0.000464517    -0.868576
 0.000121746     0.999998   0.00216507    0.0371638
-0.000464781  -0.00216502     0.999998   0.00192028
           0            0            0            1
           1  0.000587154 -0.000779454    -0.868711
-0.000586616            1  0.000690918    0.0027614
 0.000779859  -0.00069046     0.999999  0.000726662
           0            0            0            1
   0.999995 -0.00124927  -0.0031207   -0.944725
 0.00126275     0.99999  0.00432113   0.0217032
 0.00311527 -0.00432505    0.999986  -0.0131758
          0           0           0           1
   0.999991 -0.00129383  -0.0040891   -0.925689
 0.00132235    0.999975  0.00698026  -0.0219596
 0.00407997  -0.0069856    0.999967 -0.00304352
          0           0           0           1
   0.999996 -0.00255685 -0.00157521   -0.927065
 0.00254728    0.999978 -0.00604236    0.027763
 0.00159063  0.00603832    0.999981 0.000628266
          0           0           0           1
    0.999998  0.000195575   0.00177061    -0.880465
-0.000181132     0.999967  -0.00815346   -0.0637033
 -0.00177215   0.00815313     0.999965  -0.00237817
           0            0            0            1
   0.999984  0.00139627  0.00546238   -0.886202
-0.00135766    0.999974 -0.00706485   -0.013154
 -0.0054721  0.00705732     0.99996  0.00474321
          0           0           0           1
    0.999994  0.000918003   0.00330352    -0.894688
-0.000922112     0.999999   0.00124253    0.0184474
 -0.00330238  -0.00124557     0.999994    0.0227511
           0            0            0            1
           1  0.000822552 -0.000117776     -0.88974
-0.000822223     0.999996   0.00276051   0.00063914
 0.000120046  -0.00276042     0.999996    0.0437331
           0            0            0            1
    0.999998 -0.000360736   -0.0017124    -0.878837
 0.000355514     0.999995  -0.00304917 -0.000894392
  0.00171349   0.00304856     0.999994   0.00119615
           0            0            0            1
           1  0.000333779 -0.000603049    -0.863061
-0.000334841     0.999998  -0.00176073   -0.0111156
 0.000602461   0.00176093     0.999998   -0.0054083
           0            0            0            1
           1  0.000814059 -0.000683409    -0.767621
-0.000811515     0.999993   0.00371546    -0.024073
 0.000686429   -0.0037149     0.999993  -0.00291523
           0            0            0            1
    0.999999   0.00131666 -0.000883156    -0.783635
 -0.00131915     0.999995   -0.0028251   -0.0214973
 0.000879432   0.00282626     0.999996  -0.00288975
           0            0            0            1
    0.999999   0.00107472 -0.000446012    -0.791022
 -0.00107451     0.999999   0.00048879  -0.00384042
 0.000446537  -0.00048831            1  -0.00440791
           0            0            0            1
    0.999999   0.00134733  9.34031e-05    -0.756826
 -0.00134735     0.999999  0.000264904  0.000641503
-9.30462e-05 -0.000265029            1  -0.00538648
           0            0            0            1
    0.999999    0.0011644 -0.000678092    -0.782705
 -0.00116456     0.999999 -0.000223089  -0.00537088
 0.000677832  0.000223878            1   -0.0086225
           0            0            0            1
    0.999999  0.000742969  -0.00154211     -0.82793
-0.000743487            1 -0.000335269   -0.0101187
  0.00154186  0.000336415     0.999999   0.00656211
           0            0            0            1
    0.999997 -0.000162595   -0.0023367    -0.823285
 0.000164623            1  0.000867831   -0.0177189
  0.00233656 -0.000868213     0.999997    0.0047471
           0            0            0            1
    0.999998    0.0011727  -0.00142508    -0.804432
  -0.0011738     0.999999 -0.000771618  -0.00896602
  0.00142418  0.000773289     0.999999  0.000725065
           0            0            0            1
    0.999998  0.000930208    0.0018045    -0.754256
-0.000925257     0.999996  -0.00274218   0.00423732
 -0.00180704    0.0027405     0.999995   -0.0140346
           0            0            0            1
    0.999991  0.000983208   0.00415059    -0.229805
-0.000975029     0.999997  -0.00197211   -0.0100909
 -0.00415252   0.00196805     0.999989   0.00606549
           0            0            0            1
    0.999992  0.000993542   0.00377492    -0.721564
-0.000992869            1 -0.000179982  -0.00869927
 -0.00377509  0.000176232     0.999993  0.000917165
           0            0            0            1
    0.999999   0.00111465  0.000902594     -0.75236
 -0.00111361     0.999999  -0.00114617   -0.0053401
-0.000903871   0.00114516     0.999999   0.00955579
           0            0            0            1
    0.999999  0.000497232  -0.00161784    -0.777021
-0.000496151            1  0.000668433   -0.0160098
  0.00161817 -0.000667629     0.999999 -0.000540098
           0            0            0            1
           1   0.00107126  -0.00031812     -0.73484
 -0.00107112     0.999999  0.000453031  -0.00164069
 0.000318605 -0.000452689            1    0.0083631
           0            0            0            1
    0.999998   0.00121089    0.0018008    -0.703714
 -0.00121141     0.999999  0.000286625   0.00170825
 -0.00180045 -0.000288806     0.999998  -0.00892324
           0            0            0            1
    0.999995 -2.40304e-05   0.00330635     -0.70193
 1.10226e-05     0.999992   0.00393415    0.0111886
 -0.00330642  -0.00393409     0.999987   -0.0100467
           0            0            0            1
    0.999995 -0.000974603   0.00289238    -0.721003
 0.000970009     0.999998   0.00158929   -0.0101812
 -0.00289392  -0.00158647     0.999995  0.000627376
           0            0            0            1
    0.999996  -0.00257597  0.000863554    -0.684364
   0.0025766     0.999996 -0.000729112   -0.0156697
-0.000861672  0.000731334            1    0.0140565
           0            0            0            1
   0.999992 -0.00361949 -0.00157299   -0.699218
 0.00361416    0.999988 -0.00337762 -0.00734988
  0.0015852  0.00337191    0.999993  0.00829977
          0           0           0           1
   0.999991 -0.00385785 -0.00185963   -0.730937
 0.00386148    0.999991  0.00194807  0.00556439
  0.0018521 -0.00195523    0.999996  0.00088039
          0           0           0           1
   0.999982  -0.0046086 -0.00396104   -0.247426
 0.00461899    0.999986  0.00261766  -0.0020917
 0.00394892 -0.00263591    0.999989 -0.00103251
          0           0           0           1
   0.999968 -0.00754954 -0.00258671   -0.682439
 0.00755716    0.999967  0.00294691 -0.00614286
 0.00256438 -0.00296637    0.999992 -0.00744361
          0           0           0           1
   0.999955 -0.00953204 -0.00026625   -0.592231
 0.00953157    0.999953 -0.00171065  -0.0287899
0.000282543  0.00170803    0.999999 -0.00885192
          0           0           0           1
    0.999906   -0.0136932 -3.36014e-06    -0.528328
   0.0136931       0.9999  -0.00355264   -0.0354702
 5.20069e-05   0.00355226     0.999994  0.000926191
           0            0            0            1
    0.999863   -0.0165212 -0.000545823    -0.564057
   0.0165185     0.999853  -0.00455929   -0.0351584
 0.000621067   0.00454965      0.99999   0.00065694
           0            0            0            1
     0.99977   -0.0214339 -0.000607373    -0.491705
   0.0214344      0.99977  0.000786862  -0.00826592
 0.000590368   -0.0007997     0.999999    -0.012999
           0            0            0            1
   0.999679  -0.0253153 -0.00111567    -0.52259
  0.0253178    0.999677  0.00230138  -0.0371907
 0.00105704 -0.00232888    0.999997 -0.00866236
          0           0           0           1
     0.99958   -0.0289719  -0.00101388     -0.49757
   0.0289718      0.99958 -0.000144874   0.00224642
  0.00101765  0.000115439     0.999999   0.00478072
           0            0            0            1
    0.999459   -0.0328587  -0.00102231    -0.487982
    0.032859      0.99946  0.000328779   -0.0134724
  0.00101096 -0.000362193     0.999999    0.0016156
           0            0            0            1
    0.999313   -0.0370549 -0.000415919    -0.426784
   0.0370547     0.999313  -0.00048226    0.0102975
 0.000433503  0.000466517            1   0.00115293
           0            0            0            1
    0.999139   -0.0414807 -0.000403277    -0.392058
   0.0414802     0.999139  -0.00108951    -0.015418
 0.000448123   0.00107184     0.999999 -0.000302502
           0            0            0            1
    0.998952   -0.0457614 -0.000709548    -0.390869
   0.0457614     0.998952  3.66338e-05  -0.00458539
 0.000707128  -6.9065e-05            1  -0.00237861
           0            0            0            1
    0.998772   -0.0495465  -4.0469e-05    -0.338703
   0.0495464     0.998771 -0.000992974      0.02036
 8.96175e-05  0.000989749            1   0.00239779
           0            0            0            1
    0.998484   -0.0550389 -0.000735182    -0.243311
    0.055039     0.998484  0.000183475   0.00292022
 0.000723969  -0.00022366            1  -0.00879632
           0            0            0            1
    0.998316   -0.0580061  0.000157926    -0.345463
    0.058006     0.998316  0.000445778     0.057828
-0.000183518 -0.000435866            1   0.00541661
           0            0            0            1
    0.998118   -0.0613262  0.000135531    -0.288688
   0.0613261     0.998118  0.000322212    0.0313656
-0.000155036 -0.000313294            1   0.00520416
           0            0            0            1
    0.997963   -0.0637966  0.000236947    -0.297071
   0.0637966     0.997963  0.000106757    0.0375764
-0.000243274 -9.14229e-05            1    0.0139314
           0            0            0            1
    0.997893   -0.0648834  0.000106643     -0.37477
   0.0648832     0.997892   0.00151214     0.140523
-0.000204531  -0.00150204     0.999999   -0.0158438
           0            0            0            1
    0.997864   -0.0653251 -4.81164e-05    -0.301481
   0.0653251     0.997864  0.000383877    0.0465272
 2.29368e-05   -0.0003862            1   0.00572155
           0            0            0            1
    0.997938   -0.0641687  -0.00120058    -0.479795
   0.0641694     0.997939  0.000549431    0.0213154
  0.00116285 -0.000625339     0.999999  0.000813061
           0            0            0            1
    0.997947   -0.0640407  -0.00101681     -0.39397
   0.0640399     0.997947 -0.000775767   -0.0250785
   0.0010644  0.000709057     0.999999    0.0069703
           0            0            0            1
   0.998031   -0.062719 -0.00114098   -0.382614
  0.0627186    0.998031 -0.00036954   0.0252027
 0.00116191 0.000297252    0.999999 -0.00633365
          0           0           0           1
    0.998153   -0.0607472 -0.000197842    -0.488052
   0.0607474     0.998152   0.00184497    0.0370501
 8.53996e-05  -0.00185358     0.999998  -0.00106778
           0            0            0            1
    0.998346   -0.0574894 -0.000243982    -0.389368
   0.0574899     0.998341   0.00315639    0.0787834
  6.2118e-05   -0.0031652     0.999995   -0.0159257
           0            0            0            1
    0.998389   -0.0567433  0.000361301    -0.383835
   0.0567435     0.998389 -0.000596764   -0.0692667
-0.000326856  0.000616304            1    0.0155937
           0            0            0            1
   0.998526  -0.0542793 6.04408e-05   -0.284869
  0.0542793    0.998524  -0.0016887   0.0345998
3.13099e-05  0.00168949    0.999999   0.0283367
          0           0           0           1
    0.998635   -0.0522267  0.000497145    -0.323964
   0.0522272     0.998635 -0.000925147   -0.0194745
-0.000448149  0.000949849     0.999999  -0.00473488
           0            0            0            1
    0.998896   -0.0469737  0.000181679    -0.432874
   0.0469721     0.998882    0.0052729   -0.0211297
-0.000429164  -0.00525854     0.999986  1.69383e-05
           0            0            0            1
   0.999099  -0.0422869 -0.00357803   -0.324719
  0.0423248    0.999041   0.0112457    0.117378
 0.00309905   -0.011387     0.99993  -0.0497872
          0           0           0           1
   0.999314  -0.0369365 -0.00249976   -0.351933
  0.0369469    0.999308  0.00429028   0.0934564
 0.00233956  -0.0043797    0.999988  0.00526808
          0           0           0           1
   0.999367  -0.0355136  0.00216401   -0.418531
  0.0355178    0.999367 -0.00191454   0.0108346
-0.00209465  0.00199018    0.999996 -0.00501044
          0           0           0           1
   0.999484  -0.0319121  0.00359688   -0.334424
  0.0319398    0.999458 -0.00794357   0.0424737
-0.00334144  0.00805435    0.999962   0.0295249
          0           0           0           1
   0.999569  -0.0292109  0.00280648   -0.472051
  0.0292209    0.999566 -0.00359911   0.0213204
-0.00270013  0.00367956     0.99999  -0.0241705
          0           0           0           1
    0.999663   -0.0259587  0.000620082    -0.452917
     0.02596     0.999661  -0.00222964    0.0264381
-0.000561994   0.00224498     0.999997   -0.0375141
           0            0            0            1
    0.99964  -0.0268285  0.00104849   -0.599114
  0.0268241    0.999632  0.00396948    0.208314
 -0.0011546 -0.00393992    0.999992  -0.0115227
          0           0           0           1
    0.999816   -0.0186026   0.00457411    -0.498718
   0.0185997     0.999827  0.000672727    0.0525005
 -0.00458584 -0.000587526     0.999989   -0.0342782
           0            0            0            1
   0.999777  -0.0206264  0.00446743    -0.39098
  0.0206325    0.999786 -0.00133076   0.0656779
-0.00443903  0.00142264    0.999989 -0.00123277
          0           0           0           1
    0.999851   -0.0172917  0.000193994    -0.498183
   0.0172921     0.999849  -0.00200961    0.0204042
-0.000159215   0.00201266     0.999998   0.00210332
           0            0            0            1
    0.999866   -0.0160168  -0.00331763    -0.579251
   0.0160195     0.999872  0.000788583    -0.015078
  0.00330458 -0.000841625     0.999994   0.00669305
           0            0            0            1
   0.999881  -0.0150911 -0.00309311   -0.608021
  0.0150998    0.999882  0.00280414   0.0310803
 0.00305042 -0.00285051    0.999991  -0.0179204
          0           0           0           1
   0.999902  -0.0139388 -0.00119574   -0.683605
  0.0139525    0.999826   0.0123649   0.0491462
 0.00102318  -0.0123803    0.999923  0.00999146
          0           0           0           1
    0.999922   -0.0125006 -0.000509196    -0.609364
   0.0125027     0.999913    0.0043082   -0.0161619
 0.000455296  -0.00431422     0.999991  -0.00272657
           0            0            0            1
    0.999965  -0.00839898  0.000282264    -0.639145
  0.00839816     0.999961   0.00277296  -0.00386984
-0.000305543  -0.00277049     0.999996   0.00166233
           0            0            0            1
    0.999973  -0.00738518 -2.68978e-05    -0.285083
  0.00738521     0.999972   0.00155456  -0.00965239
 1.54163e-05  -0.00155471     0.999999    0.0103281
           0            0            0            1
   0.999987 -0.00520824 -6.3225e-05   -0.266468
 0.00520852    0.999968  0.00599951   0.0157005
3.19761e-05 -0.00599976    0.999982  0.00400434
          0           0           0           1
    0.999996  -0.00278085  5.78176e-05    -0.263685
  0.00278075     0.999995   0.00161002   -0.0164601
-6.22946e-05  -0.00160985     0.999999   0.00950275
           0            0            0            1
    0.999991  -0.00417538 -0.000207651    -0.247535
  0.00417578     0.999989   0.00195386    0.0159154
 0.000199491  -0.00195471     0.999998    0.0140164
           0            0            0            1
    0.999995   -0.0031446  -2.4253e-05    -0.641648
  0.00314458     0.999995 -0.000869952  -0.00086525
 2.69885e-05  0.000869871            1   0.00763251
           0            0            0            1
    0.999998  -0.00195993 -0.000420856    -0.319256
  0.00196091     0.999995   0.00233314   0.00331987
 0.000416282  -0.00233396     0.999997    0.0113344
           0            0            0            1
    0.999997  -0.00256444 -0.000296472    -0.662311
  0.00256498     0.999995   0.00185781    0.0063042
 0.000291707  -0.00185857     0.999998  0.000239091
           0            0            0            1
    0.999998  -0.00195509 -0.000297023    -0.693498
  0.00195571     0.999996   0.00211421   0.00957232
 0.000292888  -0.00211479     0.999998   0.00479273
           0            0            0            1
           1 -0.000150966 -0.000312009    -0.677107
 0.000152338      0.99999   0.00440236    0.0021845
 0.000311341  -0.00440241      0.99999  -0.00541912
           0            0            0            1
    0.999999   0.00128709 -0.000204754    -0.689565
 -0.00128689     0.999999   0.00098537   0.00673856
 0.000206022 -0.000985106            1   0.00254521
           0            0            0            1
    0.999996   0.00274882  0.000235987    -0.701874
 -0.00274937     0.999994   0.00234272   0.00220225
-0.000229546  -0.00234336     0.999997   0.00429964
           0            0            0            1
    0.999992   0.00410289 -0.000228868    -0.719722
 -0.00410305     0.999991 -0.000669399    -0.018896
  0.00022612  0.000670332            1   0.00363914
           0            0            0            1
    0.999994   0.00342837 -0.000258032    -0.756468
 -0.00342804     0.999993   0.00127896   0.00138923
 0.000262415  -0.00127807     0.999999  -0.00697037
           0            0            0            1
    0.999995   0.00291413 -0.000847939    -0.713211
 -0.00291305     0.999995   0.00127323     0.001034
 0.000851645  -0.00127075     0.999999 -0.000562154
           0            0            0            1
    0.999997   0.00246518 -0.000668687     -0.82518
 -0.00246548     0.999997 -0.000453669   0.00977661
 0.000667566  0.000455316            1 -0.000211832
           0            0            0            1
   0.999996  0.00239024 -0.00121209   -0.833089
-0.00238688    0.999993  0.00276165  0.00337309
 0.00121869 -0.00275875    0.999995  0.00637299
          0           0           0           1
    0.999996    0.0026118 -0.000958543    -0.816695
  -0.0026121     0.999996 -0.000313863   -0.0329612
  0.00095772  0.000316365            1  -0.00595813
           0            0            0            1
    0.999996   0.00271699  0.000375278    -0.806405
 -0.00271686     0.999996 -0.000346251  -0.00184616
-0.000376217   0.00034523            1   0.00933172
           0            0            0            1
   0.999995  0.00200875  0.00235839   -0.826827
-0.00201334    0.999996   0.0019443 -0.00934191
-0.00235448 -0.00194904    0.999995 -0.00177001
          0           0           0           1
    0.999995  0.000764627   0.00306974    -0.783589
-0.000756994     0.999997  -0.00248688   -0.0312013
 -0.00307163   0.00248454     0.999992   0.00553528
           0            0            0            1
   0.999998 -0.00088058  0.00160434   -0.824086
0.000889429    0.999984 -0.00552333  0.00842945
-0.00159945  0.00552474    0.999983 -0.00273065
          0           0           0           1
           1 -0.000443531 -2.04531e-05    -0.837323
  0.00044345     0.999993  -0.00379401   -0.0392556
 2.21358e-05     0.003794     0.999993    0.0100876
           0            0            0            1
    0.999998  -0.00176594 -0.000891651    -0.875906
  0.00176158     0.999987  -0.00487068    -0.102623
  0.00090024    0.0048691     0.999988   -0.0007369
           0            0            0            1
   0.999994 -0.00314973 -0.00143354   -0.845578
 0.00314681    0.999993 -0.00203317   -0.178166
 0.00143993  0.00202864    0.999997  -0.0175065
          0           0           0           1
           1 -0.000744565 -0.000425876    -0.816071
 0.000744089     0.999999  -0.00111626   -0.0552597
 0.000426706   0.00111594     0.999999  -0.00450599
           0            0            0            1
           1 -0.000489071 -0.000502327    -0.800147
  0.00048577     0.999978   -0.0065497   -0.0178709
 0.000505519   0.00654946     0.999978 -0.000561317
           0            0            0            1
           1  4.89479e-05   0.00028211    -0.773323
-4.86971e-05            1 -0.000889237   -0.0319496
-0.000282154  0.000889223            1   0.00544588
           0            0            0            1
           1 -0.000999777  0.000241742    -0.780581
  0.00100069     0.999992  -0.00382605   -0.0128672
-0.000237915   0.00382629     0.999993   -0.0034729
           0            0            0            1
    0.999997  -0.00222985 -0.000413539    -0.786321
  0.00222871     0.999994  -0.00272031   -0.0213256
 0.000419603   0.00271938     0.999996   0.00357622
           0            0            0            1
   0.999994 -0.00326066 -0.00123674   -0.805022
 0.00325487    0.999984 -0.00465417  -0.0222685
  0.0012519  0.00465011    0.999988 0.000739175
          0           0           0           1
   0.999992 -0.00379895 -0.00121977     -0.8354
 0.00379651    0.999991 -0.00199699  -0.0120267
 0.00122734  0.00199235    0.999997 -0.00851308
          0           0           0           1
   0.999986 -0.00512296 -0.00102244   -0.843194
 0.00511889    0.999979 -0.00394042  -0.0192443
  0.0010426  0.00393513    0.999992  0.00142376
          0           0           0           1
    0.999993  -0.00365507 -0.000618549    -0.865895
  0.00365255     0.999985  -0.00403703   0.00744365
 0.000633296   0.00403474     0.999992   -0.0148967
           0            0            0            1
   0.999974 -0.00715717 0.000386782   -0.870714
 0.00715422    0.999949  0.00717018    0.193958
-0.00043808 -0.00716722    0.999974   0.0234974
          0           0           0           1
    0.999952  -0.00973138 -0.000989467    -0.809026
   0.0097262      0.99994  -0.00510708  0.000815763
  0.00103911   0.00509721     0.999987    0.0091752
           0            0            0            1
   0.999975 -0.00700008 -0.00102408   -0.786974
 0.00699746    0.999972 -0.00254185  -0.0241239
 0.00104185  0.00253462    0.999996  -0.0157388
          0           0           0           1
    0.999956  -0.00935045 -0.000869913     -0.82107
  0.00934791     0.999952  -0.00287033   0.00931593
  0.00089671   0.00286207     0.999995  0.000642034
           0            0            0            1
    0.999939   -0.0110119 -0.000776846    -0.785677
   0.0110121     0.999939  0.000325523   0.00999429
 0.000773214 -0.000334058            1   -0.0137859
           0            0            0            1
    0.999945   -0.0104967 -0.000109671    -0.789534
   0.0104968     0.999944   0.00091604    0.0526501
 0.000100049 -0.000917141            1   -0.0050976
           0            0            0            1
    0.999908   -0.0135699 -0.000173752    -0.857654
   0.0135692     0.999902  -0.00347741  -0.00208946
 0.000220922   0.00347473     0.999994    0.0113538
           0            0            0            1
    0.999875   -0.0158091 -0.000333413    -0.882674
   0.0158078     0.999868  -0.00380003   -0.0511444
 0.000393444   0.00379429     0.999993    0.0052225
           0            0            0            1
    0.999939   -0.0110604  0.000227591      -0.7904
    0.011061     0.999935  -0.00281198   0.00989829
-0.000196475   0.00281433     0.999996   0.00863121
           0            0            0            1
    0.999955  -0.00944897   0.00034144    -0.763206
  0.00945037     0.999946  -0.00436947   0.00285943
-0.000300135    0.0043725     0.999991    0.0197966
           0            0            0            1
    0.999947   -0.0103124 -0.000176162    -0.771541
   0.0103121     0.999945  -0.00170116   -0.0277148
 0.000193695   0.00169925     0.999999    0.0156704
           0            0            0            1
    0.999939   -0.0110677 -0.000201518    -0.794967
   0.0110669     0.999933  -0.00337049   -0.0212461
 0.000238808   0.00336805     0.999994   0.00396759
           0            0            0            1
    0.999964  -0.00851976  -0.00051168    -0.777553
  0.00852143     0.999958   0.00336566 -0.000539461
 0.000482984   -0.0033699     0.999994   0.00205413
           0            0            0            1
    0.999979  -0.00645642  -0.00106604    -0.767542
  0.00645727     0.999979  0.000795406    0.0371156
  0.00106088 -0.000802273     0.999999   0.00244429
           0            0            0            1
   0.999958 -0.00902486 -0.00159737   -0.822596
 0.00902123    0.999957 -0.00226554  -0.0839616
 0.00161774  0.00225104    0.999996  -0.0114261
          0           0           0           1
    0.999988   -0.0048749 -0.000973561    -0.708462
    0.004874     0.999988 -0.000922563    -0.128021
 0.000978046  0.000917806     0.999999   0.00281627
           0            0            0            1
   0.999949   -0.010088 -0.00105093    -0.67967
    0.01008    0.999922 -0.00737533   -0.427107
 0.00112525  0.00736435    0.999972 -0.00993324
          0           0           0           1
    0.999997  -0.00221863  -0.00112907    -0.714739
   0.0022197     0.999997  0.000945241  -0.00651786
  0.00112697 -0.000947744     0.999999  -0.00320149
           0            0            0            1
    0.999999  -0.00127316 -0.000125138    -0.709507
  0.00127332     0.999998   0.00133162   -0.0135805
 0.000123442  -0.00133178     0.999999   0.00115992
           0            0            0            1
           1  0.000308849  0.000627785    -0.687541
-0.000309627     0.999999   0.00123956  -0.00826016
-0.000627401  -0.00123976     0.999999  0.000499863
           0            0            0            1
    0.999999   0.00107772  0.000573135    -0.721911
 -0.00107842     0.999999   0.00122997   0.00802915
-0.000571808  -0.00123059     0.999999 -0.000391273
           0            0            0            1
    0.999938    0.0110991  0.000404106    -0.628209
   -0.011098     0.999935  -0.00253983     0.134874
-0.000432269   0.00253519     0.999997    0.0114177
           0            0            0            1
    0.999994   0.00338435  0.000305826    -0.712057
 -0.00338415     0.999994 -0.000643284   -0.0184458
-0.000308002  0.000642246            1    0.0004927
           0            0            0            1
    0.999951   0.00989897 -0.000266761     -0.64128
  -0.0098991     0.999951 -0.000502784   -0.0118315
 0.000261771    0.0005054            1   0.00311089
           0            0            0            1
    0.999922    0.0124745 -0.000505751    -0.591886
  -0.0124743     0.999922  0.000387317    0.0584904
 0.000510543 -0.000380978            1    -0.014787
           0            0            0            1
    0.999875    0.0158239  0.000820539    -0.621567
  -0.0158239     0.999875 -6.39377e-05   -0.0340432
-0.000821448  5.09456e-05            1   0.00323034
           0            0            0            1
   0.999787   0.0206039  0.00126813   -0.641029
 -0.0206043    0.999788 0.000308857   0.0355483
 -0.0012615 -0.00033492    0.999999  0.00672166
          0           0           0           1
